15.4815
25.6932
52.1592
40.6828
28.5974
48.8334
51.9250
14.2636
51.7845
16.5588
44.3365
51.7376
51.8313
51.6908
39.7928
51.6439
51.9718
47.6155
49.1144
43.8681
51.8781
51.9250
51.8313
33.2348
2.4592
10.4693
49.8171
51.7845
48.9739
52.0655
8.3146
51.8313
10.9846
52.2060
7.1903
40.5891
48.4586
51.9718
42.6502
51.9250
27.8948
52.4871
52.0187
52.4403
52.4871
52.9087
34.7338
16.4652
27.8011
51.5503
5.4572
51.0350
58.7640
48.9271
52.8618
35.1553
52.5808
30.4243
52.6276
25.3653
53.1897
20.5405
37.4975
13.0925
53.3771
52.9555
53.6113
53.6113
53.5645
52.5339
36.7480
53.4708
53.4240
53.7050
51.1287
20.0720
51.5971
53.0961
33.1411
52.8150
53.0492
57.9677
35.7643
41.2449
51.1755
52.7213
52.5339
52.0655
52.4871
10.7972
46.7723
51.9250
46.7723
17.2146
10.3288
13.4672
27.1921
52.0187
51.3629
36.2796
15.0599
46.6786
25.5526
51.9718
49.9108
49.0208
25.6932
52.6276
25.2716
19.4162
51.8781
52.0187
51.9718
55.8129
51.6439
20.0720
27.1453
39.2775
42.4159
25.2247
51.5503
33.3285
51.9718
48.1307
18.4326
52.1124
49.5360
52.2997
52.0187
39.1838
52.4871
2.4592
52.7682
52.3466
29.7685
52.4871
51.5971
37.5443
52.4871
52.1124
23.1637
46.2102
26.3958
40.4954
27.5669
52.9087
52.9555
46.5381
53.0492
5.6445
26.3021
43.0249
50.9413
53.3771
50.1918
53.4240
31.7358
30.8927
53.3771
53.2834
53.9861
44.6644
53.7050
50.7071
50.6134
53.4240
53.0961
53.3303
52.9087
12.3899
24.6626
48.1776
49.8171
24.0068
52.7213
38.8091
52.7682
52.7682
52.2997
27.0047
23.7258
31.5485
35.0148
42.7438
52.2997
54.5950
45.8823
49.1613
37.0759
52.0655
55.2040
52.1592
52.1124
52.2060
38.2001
56.8435
52.1124
47.3813
56.6092
31.1269
28.4100
51.9718
49.4892
52.1124
26.2553
51.9250
5.5977
51.7845
37.5912
51.9250
51.8781
51.6908
20.9621
38.3875
30.3306
51.9250
56.1877
10.6098
38.0596
51.9250
43.7744
51.5034
52.0655
35.4832
51.8781
1.4755
19.5099
52.0655
51.9718
51.5034
59.5603
52.1592
16.9336
38.8091
24.4284
47.8028
29.1127
24.4752
52.2997
30.1432
31.5953
52.3466
38.5280
51.6439
45.8823
51.7845
40.5891
17.2615
47.0534
39.9333
51.5034
51.5503
55.4382
13.7951
51.5503
39.2307
51.5971
51.5503
47.1002
52.6745
51.5034
4.8950
51.6439
51.5034
21.5710
51.3160
38.9028
51.4097
51.7376
51.8313
51.7376
41.1980
45.1328
8.9235
43.2591
57.3587
31.9232
26.2084
51.9250
10.1414
52.0655
31.3611
37.3101
40.1675
52.2060
52.1124
46.1634
47.4281
33.3285
52.1124
52.3934
35.9517
52.5808
25.1779
33.5627
56.3750
52.7682
30.6585
58.7640
45.3202
53.1429
26.1616
46.6786
49.3955
53.5176
53.3771
31.6422
53.3303
55.9535
50.8008
53.1429
53.0961
53.0024
34.0311
53.0492
17.9641
53.5645
45.9291
36.9354
52.5339
35.0617
27.2858
35.9048
52.0655
54.5013
52.7682
3.6303
51.9718
16.0904
51.9718
52.0187
55.0166
51.3629
41.6196
52.0187
37.5443
34.4527
51.8313
51.7845
16.3246
55.8598
51.7376
42.0881
59.3261
55.0634
51.6908
51.6908
51.0818
51.6439
51.5971
47.6623
51.6908
18.8073
51.6908
46.0228
51.1755
51.6908
23.2105
21.0089
51.6439
32.7664
51.6908
51.4566
51.5503
28.3163
56.3750
51.7376
33.0474
7.7993
47.8965
52.3934
24.0537
51.9250
42.0412
44.4302
51.9250
49.9576
37.7317
52.1592
52.2060
21.0557
52.1592
45.0860
58.2019
57.0308
52.4871
47.2876
25.9742
52.4403
17.4957
37.2164
52.6745
52.8150
52.9087
52.6745
52.7213
8.6893
27.0047
52.6745
53.3303
41.9007
53.2834
5.5508
14.4509
40.6828
7.6119
53.0024
53.3771
23.9131
36.1859
41.3386
52.7213
52.7213
36.5138
52.6276
26.9111
25.6932
30.3306
52.9555
2.0845
50.7071
52.1124
36.8417
44.9454
26.9579
49.1144
52.1592
52.1124
44.4770
47.5218
51.9718
25.5058
51.4566
52.0655
51.9250
51.9250
26.1616
37.9659
47.1939
51.3629
12.5304
5.4572
51.6908
51.6908
26.2553
36.7948
51.5971
46.3039
22.7421
51.6908
51.5971
51.8313
34.2653
50.7539
12.8114
51.8313
24.1005
39.5586
45.7886
51.4566
3.3492
51.6908
51.6439
39.0433
47.2876
46.3976
52.1592
51.5503
43.5870
51.8313
51.7845
51.3160
46.3507
51.9718
38.5749
51.3629
55.3445
51.9718
51.9718
51.6908
24.1473
52.2060
12.9988
50.3323
30.4711
52.3934
51.5503
51.5503
54.9229
50.9413
34.1717
51.5034
51.3629
50.3792
41.6665
51.4566
26.1147
51.5034
51.5034
50.8945
35.8580
25.9742
51.4097
51.0818
58.0145
34.4996
41.9475
53.8455
27.3795
18.2920
51.5503
57.1245
51.5971
51.6908
51.4566
17.2615
51.6908
51.6439
53.6113
50.8476
51.7845
32.2511
25.1779
51.7845
52.3934
51.8781
50.4260
51.8781
57.2182
51.6439
45.9760
47.7560
52.1124
31.3143
47.5218
36.6075
52.1592
52.7682
50.7071
52.2529
36.8885
45.0391
1.8971
52.5808
26.2084
52.9555
38.4812
52.8618
51.5034
53.1429
44.3365
36.4201
53.2366
52.7213
52.9555
53.0492
52.6745
25.2716
52.6276
27.1921
52.4871
52.5339
21.5710
12.1556
32.7664
52.3934
53.4240
24.3347
52.1124
52.1124
5.6914
56.9840
52.1124
60.3098
51.7845
51.5971
51.5971
50.8008
27.9884
51.5971
43.4933
51.5503
29.9558
31.8295
51.5034
31.3611
46.9597
37.2164
39.7928
6.4877
31.9232
51.1755
25.7868
30.0495
43.1654
51.2224
57.1714
51.4097
52.1592
51.2224
51.4566
51.4566
23.4915
54.4545
60.4035
34.1248
43.3996
41.9944
50.8008
51.6439
51.7376
10.5630
3.1150
25.6463
52.3934
52.0187
12.3430
52.5339
36.3264
51.7845
47.3344
15.8094
51.9718
52.7682
42.3223
48.8334
52.7213
20.3063
52.8618
60.3098
47.1002
31.1269
53.1897
24.6158
39.1838
27.7542
53.0492
30.9864
53.0024
36.5606
46.5381
43.7275
46.3039
52.5339
17.4489
52.4871
52.5808
49.4423
59.7009
43.1654
27.8479
35.3427
52.1592
17.1678
47.3813
20.2594
52.0187
51.9250
35.5769
30.3306
47.8028
51.7845
51.5971
51.8313
51.5034
51.7376
27.9884
20.0720
51.7845
49.9576
32.6727
46.6786
47.4749
51.5971
51.4566
51.4566
51.0818
51.4566
51.4097
17.4020
42.5096
23.2573
51.6439
59.4198
51.5034
48.5055
36.8417
59.5603
30.6585
49.2081
51.4566
47.4281
15.5283
51.2224
48.1776
58.0614
51.5503
49.3018
41.5259
46.4444
51.2224
47.2407
51.8313
51.3629
51.6908
17.9173
51.4566
5.1761
26.5363
28.5037
46.9128
34.0311
51.9718
49.5829
28.8316
34.7338
11.2188
51.8781
39.0901
52.6745
44.9923
22.9294
50.8476
51.5503
30.8458
19.0415
40.7296
39.1838
50.9413
51.2692
47.1470
51.1755
51.2692
51.0818
51.0350
54.9229
38.3406
51.0350
51.3160
51.5503
50.8008
11.5467
55.8598
26.2084
41.0575
59.0919
51.2692
43.7275
5.9256
7.7993
51.3629
51.3160
39.7459
9.6261
51.5971
14.9662
52.6745
37.8722
51.7845
51.7845
51.7845
37.8722
43.6807
40.7765
46.0228
60.5909
40.9170
27.2858
40.5422
49.9576
42.2754
31.9701
52.5808
52.4403
52.7213
46.7255
52.3934
52.9087
49.5829
25.8337
41.2449
11.7341
16.0904
52.3934
52.7682
22.7421
52.8150
52.5808
52.5808
13.4672
56.9371
52.2060
52.6276
49.4892
33.1411
52.0187
15.2941
51.9718
51.9718
49.1613
28.2226
26.5832
51.8781
30.3774
51.3629
20.2126
49.2550
56.4687
51.6439
29.1127
51.7376
51.5503
36.9354
25.2716
51.3629
51.3629
51.4097
51.3629
55.8129
50.8945
58.9514
51.3629
51.0818
43.3996
51.1287
51.4097
51.3160
37.9659
51.3160
51.2224
51.0818
57.9677
51.0818
51.2692
51.2692
7.5651
7.2840
7.6588
51.2224
26.4426
51.2224
38.8091
10.5630
47.9902
25.5058
51.7845
48.5992
51.4097
51.0818
51.3629
49.8171
13.9357
32.3448
51.5503
31.9701
51.6439
54.9698
19.8847
56.6561
19.6036
51.8781
51.9718
25.1310
56.0471
46.7723
20.9152
52.1124
22.6015
52.1124
52.0187
5.5040
52.2529
45.6481
40.5422
52.3466
10.9377
56.9371
52.6745
52.5808
31.1737
52.6745
52.9555
52.9087
52.9087
52.8618
50.4260
57.7803
59.7945
32.4385
47.7092
46.9597
51.8781
38.8091
52.9555
35.5301
39.1370
56.5624
51.3629
51.4566
32.7664
55.5787
58.7640
51.5971
39.3243
20.4936
51.5034
46.0228
58.7640
50.7071
17.0741
51.1755
22.0394
53.2366
51.3629
40.0738
51.0818
51.2692
44.2897
31.3143
51.0350
32.0637
57.9677
32.0637
45.7886
50.7071
47.3813
51.2224
38.9496
51.1755
43.3528
46.9128
43.0249
51.2692
8.8298
31.8764
46.5849
50.9881
38.2470
51.2692
47.8497
59.9351
51.4566
48.5055
51.3160
11.3125
48.4118
47.8965
48.7865
51.4566
51.5503
24.0068
51.4566
10.6098
51.6439
32.2511
51.5503
51.6908
51.5503
51.8781
51.6908
36.8885
40.4954
11.9214
17.9641
51.1755
30.3774
51.2224
27.0047
50.8945
51.1287
51.5971
45.6012
51.1755
51.5503
55.1103
51.1287
59.1856
51.1287
50.9413
50.8945
21.4773
51.1287
55.8129
16.3246
45.8355
51.2224
26.5363
31.8295
50.7071
50.9413
28.9721
41.1980
51.1287
50.8945
21.7584
50.8476
51.1287
30.2837
51.4566
26.4426
54.7355
51.5503
51.1755
51.3629
57.9677
51.3629
51.5034
45.6481
51.5034
40.3549
51.5971
35.9517
49.2081
45.9760
51.8781
51.8781
36.2796
51.8781
20.3531
52.2060
52.0655
15.8094
51.9250
27.0047
52.2997
52.4871
52.2060
56.0940
37.8722
52.8618
52.5808
52.7213
52.6745
52.8150
53.3303
52.5808
52.2997
48.5523
48.6460
52.2060
52.2060
37.6848
10.7504
44.9454
51.9718
45.6012
28.1758
26.3489
46.2570
59.2324
53.9861
51.2692
36.1859
59.1387
37.3101
51.2692
52.0187
53.5645
51.3160
51.3160
51.2692
51.2224
25.4589
51.2224
51.1287
59.1856
57.1714
17.8704
51.2692
26.1616
15.8562
55.8129
50.7539
50.9413
51.0818
50.7071
26.3958
50.8476
51.0818
59.6540
50.7071
51.0350
52.7213
4.9887
42.9781
51.1287
55.3913
50.9881
50.7071
43.6339
51.1287
51.0350
45.9291
11.6872
29.3469
47.0534
51.7376
35.4364
17.1678
58.0145
51.3629
21.6178
51.6908
51.3160
51.3160
35.7643
60.6377
51.3160
55.9066
51.5503
16.9336
53.9392
21.8989
51.7376
57.7335
51.6908
25.7400
42.7907
52.3934
40.9638
52.3934
38.6685
21.4305
44.2897
21.4773
44.2897
52.6276
52.6745
44.6644
52.5808
52.6276
52.3934
53.1897
58.7640
52.5339
24.0068
52.0187
52.5808
51.8781
52.0187
52.6745
51.9250
6.9561
51.8313
13.0925
8.2209
51.4097
35.9985
51.5034
23.3510
0.9603
51.5034
55.8129
50.4729
51.1755
25.5526
51.0818
10.8441
51.5034
51.3629
51.2224
51.2224
59.9351
48.4586
54.6419
51.1755
53.3771
36.2796
50.8008
46.7255
51.0818
32.1106
50.9881
49.9576
37.3570
50.7539
49.1144
58.8577
50.8945
51.2692
9.8604
33.7969
51.3160
56.8903
48.7397
37.1227
39.8396
51.1755
51.3629
24.8500
20.3999
8.3614
51.4566
41.6665
51.0818
51.9718
9.9072
51.7376
51.3629
46.1634
2.8808
8.4551
50.8945
51.0350
45.9291
13.8420
48.6929
50.8945
28.1758
26.7237
50.9413
25.3184
50.8945
50.8008
51.2692
18.4326
51.0818
36.8417
50.8945
37.1696
59.5135
52.0655
50.9881
50.8476
44.7112
23.6789
51.0350
29.9558
54.4545
16.4652
51.0350
49.2081
46.9597
37.0759
50.9413
51.2692
51.4097
51.1287
51.4566
51.3160
36.6075
51.3629
45.6012
27.0516
51.4566
51.6908
51.2224
32.1106
25.1779
42.1817
36.5606
31.1269
58.9514
51.9250
57.4993
51.5971
52.2060
44.5707
40.1207
52.3934
52.2529
52.0187
52.3934
46.2102
32.2043
52.3466
52.2997
21.5710
52.0187
36.7012
57.9208
51.9250
31.6422
51.8781
51.5971
52.2997
46.9597
47.3813
47.9902
51.4566
51.5034
52.2529
51.2692
28.3632
3.3024
51.5503
50.9413
51.1287
46.7723
51.2224
51.2224
51.1287
35.4832
10.6567
51.0818
50.8945
21.4773
50.8476
51.1755
50.7071
50.9881
50.9881
56.2345
50.9881
50.8945
35.9985
50.8945
38.5280
50.8945
42.2286
46.2102
28.8784
58.2956
51.0350
5.3635
50.9881
22.5079
29.3469
60.2161
50.6134
50.8476
37.1227
32.1574
23.1637
14.2636
51.1287
50.9413
51.0350
51.1755
51.1755
50.7539
41.7602
50.8476
49.0208
51.2224
32.5790
37.5443
16.6057
36.2796
51.2224
28.0353
50.8945
24.8500
52.8618
51.8781
51.7845
21.4305
51.7845
51.8781
51.7845
46.1165
56.0471
52.0187
52.1124
28.1290
52.0187
38.0127
25.7400
52.5808
51.3629
52.0187
52.2997
41.0575
52.4871
52.2060
47.2407
51.9718
51.6439
47.4749
21.7115
23.4447
51.8313
49.3955
33.6564
50.7071
51.3629
34.3590
51.2224
51.0818
0.7261
42.1817
50.9881
51.2224
46.3039
37.7317
50.8476
48.8802
50.8945
50.5666
25.8805
50.9881
43.7744
50.9881
50.7539
50.8945
51.1755
26.6300
50.9413
21.0557
50.7539
50.8476
59.7009
6.3003
29.2532
51.0350
47.0065
50.8945
51.5503
11.1720
27.7074
50.7071
50.9881
55.8129
21.7584
35.8111
51.1755
17.9641
50.9881
59.6540
6.8624
50.7539
51.1755
51.4566
57.9208
31.6422
51.1755
51.3629
51.4097
46.4444
51.4097
38.0127
46.4913
51.1287
51.3160
51.7376
44.7581
55.0634
50.8945
32.7664
16.0904
50.9881
57.3119
26.3958
28.2226
50.7539
50.9413
52.2997
50.9413
20.0720
19.6973
50.8476
50.8008
60.2161
58.9982
57.1245
49.0208
51.4566
44.6644
56.9840
26.1616
37.0291
59.6072
8.2677
8.5019
50.7071
50.8476
53.1897
51.0350
50.9881
56.6561
20.7747
51.1287
44.3365
51.2692
40.7296
51.2224
45.9760
51.2692
5.1761
51.2224
51.3629
51.4097
23.0231
58.0614
51.5503
51.5034
41.7602
53.1897
0.9134
51.8781
51.8313
11.3593
52.9087
53.9392
47.5218
50.0981
52.2529
52.2060
50.8476
52.4871
53.7987
3.0213
44.6644
51.8313
52.0187
55.0634
30.5648
34.4059
52.0187
51.7376
46.8192
51.4566
34.0311
51.5971
41.2449
54.3608
35.1085
45.6012
30.5179
51.3160
50.7539
32.5790
41.4791
51.2224
51.2224
51.5971
50.8945
45.8823
51.2224
35.5769
34.4059
25.2716
31.5485
50.9413
50.9881
18.9947
50.8945
50.7539
50.8476
41.4323
48.1776
38.0127
29.4406
50.8945
31.6422
31.3611
17.6362
41.4323
34.2185
32.3916
42.7438
51.0818
34.3590
50.7071
50.7539
50.1918
50.8945
50.8008
50.7539
6.8156
46.1165
50.7071
40.1207
32.0169
58.3893
50.8945
50.8008
50.6602
27.3795
58.2019
20.2594
32.5790
46.5381
50.9413
51.0818
51.0818
60.4503
60.3098
8.5488
51.2692
3.9114
50.8945
51.5503
51.0818
51.6908
36.4201
51.7845
48.5055
51.7845
54.8761
44.9923
29.5342
52.2529
40.6828
35.6238
23.1637
52.4403
52.0187
56.2813
50.8008
25.1779
45.7886
52.1592
16.5120
51.9250
51.9250
42.1349
13.6078
49.3486
31.7827
51.2692
57.7803
51.2692
46.3507
47.8497
51.0818
25.9742
21.2899
50.7071
24.0068
26.6300
50.9413
47.2407
24.8500
50.7071
51.0818
50.8008
46.1634
37.1696
50.8945
39.6522
50.7071
13.2330
50.7071
42.6502
50.7071
50.6602
50.8008
50.4260
40.1675
50.8945
50.7539
50.8476
36.3264
53.6113
49.7234
50.8008
45.9760
58.4830
50.9881
50.7071
50.6134
44.4770
50.8945
46.7255
24.1005
40.1207
51.0350
50.9881
50.9881
51.0818
26.2553
51.1287
53.8924
34.1717
51.5503
55.8129
47.6623
20.8684
49.2081
51.2224
36.1859
51.1755
51.0350
40.6359
33.7501
50.8476
50.7071
12.2962
45.8355
50.1918
50.7071
50.6134
37.4038
50.7071
54.0329
50.8945
50.6602
50.8476
50.4260
60.6377
50.5197
50.5197
47.2876
45.6012
44.6644
48.7397
50.5666
30.0495
27.4732
20.1189
48.1776
50.5666
50.7071
50.9881
34.1248
50.8008
50.7539
50.6134
29.1595
50.9413
54.3140
50.7071
50.8008
28.3632
50.9413
50.9881
20.6342
26.6300
41.8538
55.8598
51.0350
51.2692
26.1147
31.7358
18.5262
56.9371
31.0800
50.8945
51.2224
49.1144
46.2102
51.5971
51.3629
50.3792
51.5034
38.8091
51.5503
51.9250
47.3813
48.5055
51.1755
52.3466
30.8927
38.7622
8.1272
54.1266
52.3466
22.9763
47.5686
45.9760
52.1592
52.0655
52.0655
20.6342
51.5971
15.1067
46.1165
43.7744
51.6908
51.5503
42.7907
51.4566
48.3650
22.1331
38.3875
32.7195
51.4097
58.8577
36.7012
51.1287
53.3303
50.8008
50.8945
39.0901
25.4121
50.5666
52.6745
51.3629
37.3570
50.9413
50.8008
14.2636
39.0901
50.8476
50.6134
21.6647
9.6261
50.6134
50.5666
35.9048
50.8476
50.6134
30.2837
42.3223
50.9881
16.0904
50.6602
50.5666
50.6602
31.7827
50.5666
46.6318
49.1144
35.6238
41.5259
52.8150
50.6602
50.6134
50.7071
57.9208
15.2473
6.3472
37.6380
43.3996
13.8420
57.9677
50.9413
15.0599
37.3570
51.0350
23.8194
25.5995
21.8989
51.1755
51.3160
51.2692
51.0350
22.6015
50.7071
47.2407
51.5034
35.9048
29.1127
51.5971
32.4385
51.8781
40.4954
53.7987
51.7376
51.5034
51.9250
12.6241
11.4999
38.5280
52.1124
51.1755
52.5808
52.1592
52.1592
19.0415
52.1592
51.9718
7.2372
59.7945
9.8604
52.0655
6.3003
40.8233
49.7234
51.5971
51.6908
51.5503
50.8476
51.5034
41.1980
51.4566
51.2692
51.5503
0.6792
21.3836
50.8945
58.7640
50.8008
50.9881
50.8476
50.6134
57.7803
50.7071
50.7071
60.6377
50.6602
0.9603
27.1921
39.4649
50.6602
50.5666
41.1044
7.0966
50.7071
56.1408
50.1918
50.4260
50.1918
50.7071
47.2876
50.4260
46.3976
51.0818
21.3836
50.7539
22.6015
51.1287
21.3836
50.9413
50.8945
35.8580
45.9291
15.1536
51.0818
27.4263
51.1287
53.0492
22.9294
60.5909
33.2348
35.5301
51.4566
51.4097
49.2081
47.6155
33.7969
37.0759
50.4260
26.6300
41.0107
51.8313
11.5467
50.4729
50.5197
32.1574
50.4260
39.7928
38.9496
50.8945
50.0513
9.9540
39.6522
50.5666
59.6540
50.6134
50.2855
39.6991
29.3937
24.2410
50.7539
6.8624
38.1064
47.8497
50.6134
50.7071
53.4240
1.3350
45.6481
34.5464
40.0738
50.8008
50.6134
50.3792
50.0981
36.4669
45.6481
55.0634
50.4260
45.6012
20.8684
42.1349
21.4305
50.8945
51.2224
51.4097
51.7376
51.5034
51.2224
50.0513
51.6439
51.8781
51.8781
52.1592
20.0720
44.8518
14.5446
51.9718
52.8618
27.0516
49.9576
39.1370
52.2997
52.1124
52.2529
52.1592
34.2653
9.1577
51.9718
57.5929
53.3303
17.3552
33.0474
51.4566
53.0492
51.5503
50.9881
51.2692
36.4669
42.1349
44.9454
51.7845
51.0818
56.8435
51.1287
48.0839
33.8906
51.0818
45.8823
34.4527
50.7071
46.2570
58.7172
51.0350
50.8476
50.7539
50.7539
50.7071
52.8618
50.7071
37.1696
50.6134
37.4506
50.8476
25.8805
34.6401
50.3323
50.3323
50.5197
57.3119
50.6602
50.7071
50.0981
25.1779
11.7341
50.5666
47.4281
50.9413
50.5197
50.8008
50.4260
44.7112
17.8704
34.7338
50.5197
50.0981
37.7317
53.7519
36.0454
52.4871
50.7071
50.5666
27.2390
39.9801
46.1165
50.5197
21.9926
50.6134
50.7539
50.7071
50.9881
37.3570
51.6439
59.0451
50.8008
50.7071
50.7071
50.8476
38.2001
10.8909
50.9413
35.0148
51.3160
0.7729
51.2224
35.2490
38.2470
35.3896
51.1755
51.5503
51.2692
56.5156
51.6439
51.5971
22.0863
45.9760
28.2226
52.1592
24.2879
52.1592
16.5588
52.3934
52.2060
52.0655
54.1734
37.1696
46.0697
51.6439
51.7845
47.0065
27.1453
30.5179
51.5034
51.5971
51.6439
21.1026
59.2324
51.3629
51.2224
51.2692
24.9905
51.3160
51.2224
53.4708
51.1755
25.3653
51.2692
50.8008
50.7539
50.6602
42.1817
54.1266
50.6602
50.7071
50.9881
50.4260
50.7539
14.7320
50.7071
39.7459
49.4423
50.5197
50.9881
31.6890
22.7421
50.1918
52.2060
45.8355
32.2043
53.8924
36.1390
7.7993
50.6134
52.0655
9.0640
33.7032
59.1387
7.9398
48.4118
50.4729
36.7012
50.3323
50.8945
29.3000
50.6134
54.2671
12.1088
30.8927
50.7071
28.9253
50.3792
35.7643
11.7809
38.7622
43.5870
50.8476
11.6872
50.8945
50.9413
42.0881
50.8945
6.1130
50.8945
51.2692
51.7376
51.2692
50.2855
36.5606
34.0780
26.7705
30.2369
45.9291
50.6134
50.5197
40.8701
50.0044
52.9555
44.6644
32.3448
50.3792
50.8945
50.7071
27.3795
50.4260
50.4260
43.2591
47.2876
34.3122
50.4729
50.5197
50.1918
37.4975
17.9641
42.4159
50.7071
16.0436
50.5197
50.0513
50.4729
8.0803
47.9902
16.6057
15.7625
59.8414
50.7071
32.2043
50.8945
44.8049
50.8008
51.0818
51.0350
50.8008
51.5034
50.3323
50.7539
51.0818
43.5402
45.6012
24.8031
31.9232
51.5971
51.6908
45.6949
17.7299
58.2019
17.5894
52.0655
11.3593
40.0270
39.5117
8.3614
3.7240
51.7376
1.1476
39.2307
51.7845
35.2022
55.8129
51.4566
51.5034
37.8254
51.2692
45.6481
51.0818
50.8476
31.4079
23.3979
55.8129
55.1571
50.7071
46.3039
50.9413
6.3003
50.8476
50.5666
48.2713
48.9271
54.7824
50.7071
36.9822
47.3344
57.8740
50.7539
50.6134
30.7521
50.4729
50.7071
33.8438
50.1918
50.5197
50.0981
20.5873
40.9638
50.4260
50.3792
48.0839
18.7136
47.0534
0.2108
50.2855
50.3323
50.7071
53.2834
50.2387
50.3792
32.1106
50.2855
30.3306
25.6463
50.4729
26.2084
56.1877
12.8583
17.6831
50.5666
47.8028
50.5666
27.0516
38.4812
50.7071
51.5971
50.7071
50.9881
56.0003
50.8945
32.8132
20.8215
50.8008
42.0881
51.4097
51.0350
51.2224
51.3160
51.3629
51.2692
51.5034
51.5971
47.2876
51.6439
0.1639
51.7845
51.5971
58.0614
40.0270
52.1592
52.2529
52.2529
42.2286
52.6276
51.0350
51.6908
52.0655
51.5034
51.3160
58.4361
37.4506
52.0187
51.4097
51.2692
23.6789
27.1453
51.4566
51.4097
51.5503
48.7865
50.9413
50.9881
3.7708
48.6460
43.8681
30.9395
38.0596
24.1005
58.1551
36.5138
42.3691
36.4201
50.7539
50.5197
10.5162
20.4936
50.7071
30.0495
46.4913
40.5422
43.5402
44.6175
50.8008
40.5891
37.4975
51.4566
41.5728
26.8174
53.5176
50.5197
58.8577
50.4729
43.2123
59.1387
50.3323
27.5669
50.2387
43.2591
55.0166
49.9108
22.0394
16.6057
55.2508
50.3323
39.2307
39.7459
15.0599
32.3916
55.8129
47.9902
56.3750
37.9191
51.8781
34.1248
51.8313
51.1287
50.4260
24.4284
50.4260
27.2390
50.8008
50.5197
47.7092
50.3323
18.6668
48.5523
50.7539
51.0350
46.5381
50.7071
50.7539
50.7071
50.8476
12.9520
7.8930
51.1287
50.9881
41.1980
51.5971
51.0818
50.7071
50.6602
50.9413
50.4260
51.3160
48.2244
25.5995
50.8008
31.7827
50.2855
40.0738
20.2126
50.1918
12.3899
50.5197
49.9108
48.3181
42.3223
50.1918
50.1450
53.5176
35.2022
50.1450
50.3792
50.2855
25.5995
13.2799
2.9277
39.5117
0.8197
50.7539
28.4569
55.8598
11.2656
49.9108
31.7827
50.5197
0.8197
50.3323
50.9413
50.5666
50.4729
2.1313
26.9579
50.8476
50.8476
46.5849
50.8476
50.4260
42.3223
59.4666
20.2126
51.0350
15.3409
36.1859
50.9881
49.5360
51.2224
50.9881
52.3466
36.3264
59.4666
51.5503
51.2692
42.0412
5.7382
57.6398
49.9108
51.5503
52.2529
51.5971
51.6439
51.6439
52.3466
52.4403
52.0187
52.1124
20.9621
9.9540
57.8272
18.8073
51.5034
51.6908
51.9250
6.0661
51.4566
47.6623
35.9048
31.7827
42.4628
28.5037
50.9881
43.4933
28.8784
16.9336
50.8476
5.2698
50.7539
50.7071
50.8008
6.2066
50.8008
58.9045
50.5197
53.3771
44.8986
36.7948
50.5197
50.4729
39.8864
49.1613
54.7824
56.7498
48.7397
52.2529
31.1269
50.2855
1.4755
49.9108
50.0981
48.2713
5.2698
49.8639
50.1450
50.5666
3.3961
50.2855
50.9881
50.1918
39.1838
50.3792
50.3323
31.1269
26.8174
59.2793
59.8414
27.5200
50.6602
1.2882
33.2348
50.5197
50.5666
24.4752
13.7483
3.2556
37.0291
41.7602
12.6709
17.6831
50.7071
50.8008
51.1755
21.5710
50.9881
50.9881
48.0839
46.5381
53.5645
53.9861
33.2348
51.1287
0.0234
51.1287
52.5339
51.6908
36.8417
53.3771
51.6439
51.9250
51.4566
51.8781
45.1797
44.3833
51.7845
33.7969
11.1720
51.5034
52.1592
34.2653
51.5034
51.4566
32.8132
43.6339
57.2650
31.5953
0.5855
48.0371
8.9704
43.8212
41.1044
20.5405
55.2508
38.0127
50.7071
50.8945
26.9579
42.5096
50.2855
28.9721
50.7539
50.6602
50.7539
50.6602
50.7071
33.0006
58.2956
56.3750
50.0513
57.7335
29.6748
50.4729
59.9819
50.4260
50.3792
50.3323
50.8476
36.9354
60.1693
36.0454
49.9576
51.2692
50.3792
51.5034
31.4079
28.8316
60.6377
50.2387
52.8618
48.5523
50.7539
35.2490
50.4729
50.2387
28.3163
19.5099
50.4729
16.2310
50.7071
44.6175
35.9517
46.7255
51.5034
35.5301
21.3836
22.9763
50.6602
32.4853
56.8903
41.6196
56.5624
50.6602
50.7539
50.8008
50.7071
50.7071
51.2692
40.7765
51.0350
25.3653
33.4222
41.0107
50.3792
51.5503
45.1797
39.8864
2.9277
39.0901
50.3792
49.9108
34.0311
26.5832
50.1450
52.7682
24.5221
50.2387
50.1450
50.2387
50.2855
54.3608
50.0513
4.8950
21.3368
23.0231
50.7071
50.3792
50.3792
50.3792
40.4954
18.7604
50.5197
50.7539
50.6134
18.0110
50.7071
50.8008
50.6602
43.2123
40.8233
51.3629
5.1293
51.3629
50.8476
34.3590
51.2692
50.8945
19.8378
49.7702
53.6113
50.3323
9.8604
36.3264
51.5971
31.1269
9.8604
27.0047
55.3913
5.0356
37.9191
52.1592
47.2407
57.4524
28.4100
15.5752
51.5034
28.0353
51.1755
55.8129
51.3160
50.8476
45.6481
51.1755
17.2615
50.7539
52.2997
41.1044
12.1556
50.8945
32.5322
44.4770
32.1106
50.6602
50.7071
57.4524
50.7071
33.8438
56.0471
50.4729
47.0065
45.6012
50.7071
50.4729
50.0513
50.4260
22.7421
34.5464
24.1942
50.0044
20.3999
33.0943
41.0107
55.0634
36.9354
50.3323
45.1328
20.0720
49.6765
50.2855
59.9351
24.2879
49.0676
50.2387
50.7071
46.3039
46.3976
50.2855
50.0044
50.2387
50.2855
19.2289
34.4527
31.0800
36.7012
15.4815
42.7438
46.2570
47.4281
22.6484
18.3857
50.0513
47.8028
35.2022
26.4895
50.5197
50.4260
47.1002
50.6602
11.7809
44.1491
50.6134
50.8008
15.6688
43.4465
28.0821
46.9597
51.2692
51.2224
58.6235
50.9413
50.7071
56.7029
11.2656
48.4586
3.2087
20.8684
29.3469
30.7521
33.7032
25.0374
43.2123
51.7845
51.6908
44.0554
11.4062
7.1435
49.1613
51.8781
30.0495
51.5034
43.8681
51.3160
50.8008
51.5034
51.3629
36.7480
14.6851
44.4302
51.2692
51.1287
51.0818
1.3350
29.6279
50.9413
47.6623
50.9881
50.7539
45.6481
57.1245
50.5197
42.1349
30.7053
50.5197
15.9031
12.4367
20.3063
34.7338
34.1248
50.4729
35.3896
33.5159
25.1779
50.5666
50.2855
50.3792
60.0288
48.2244
50.3323
60.4503
58.1551
19.0883
50.0513
26.9111
50.2387
49.2550
18.3389
46.8192
4.3329
50.4260
50.0044
46.2102
32.8132
50.2855
50.2387
45.6012
60.0756
10.6098
52.2997
50.5666
58.9982
44.1023
50.7071
50.6134
33.1411
23.5852
50.7071
24.8500
50.8945
56.1408
50.9413
51.0350
51.2224
50.3792
13.5141
19.6973
34.5932
46.9128
22.0863
17.5894
50.2387
50.1450
47.8497
46.2570
35.4832
50.5197
23.1168
50.0513
36.3733
31.2674
50.8945
52.9087
50.2387
50.3792
42.1349
50.4260
25.3653
47.7560
31.7827
30.5179
46.7723
50.5666
40.1207
50.5197
44.6175
50.2387
34.7806
50.6602
41.7602
50.7071
50.7071
55.2040
48.7397
51.2224
38.2001
50.7539
31.8764
51.0350
23.3510
50.9881
50.7539
51.2224
33.1411
51.5034
53.0492
51.4097
51.5503
51.5503
51.8781
53.5645
51.6908
12.4835
26.7705
39.9801
52.3466
5.7382
48.3181
52.0655
29.1595
34.7806
51.6439
51.1755
50.7071
7.5651
51.4097
25.6463
51.1755
51.1287
51.3629
50.8945
40.4954
34.5932
50.9881
6.3003
50.8476
21.0557
50.5666
50.8476
50.5197
15.7625
50.6602
50.7071
50.5197
12.9988
59.3730
58.0145
50.4260
50.3323
50.8945
28.1290
50.4260
41.8070
50.3792
50.8476
22.4142
50.7071
50.4260
49.7702
25.7868
47.7092
51.8313
39.6054
49.8639
47.3344
50.0981
11.2656
48.9739
50.1450
50.1918
34.3122
13.7483
50.4729
50.3323
50.3323
17.2146
50.2855
50.4260
50.4260
44.8049
39.4649
52.1592
50.5197
45.6012
21.2899
50.5666
47.2407
38.2470
50.6602
43.6339
53.0024
50.7071
50.8945
42.7907
36.0922
30.2837
7.4714
51.3160
37.1227
41.1980
51.5971
53.7519
27.8948
47.1939
52.2060
51.8781
51.8781
6.5345
39.2775
43.5870
36.9822
5.8319
51.5971
51.6908
51.4566
54.8292
51.6439
51.2692
51.2692
51.2692
45.8823
51.4097
50.6602
56.5156
47.5218
5.8319
50.7071
8.0803
29.9090
15.1536
50.7071
50.1918
50.4260
50.4260
50.4729
10.0946
43.6807
50.4729
50.3323
20.3531
50.0981
11.8277
16.1373
10.7972
50.3792
32.7195
58.7640
50.2387
50.5197
47.9434
53.8455
59.9351
15.9031
49.6765
57.1245
30.4243
47.3344
36.7948
50.4729
56.8903
51.4097
50.0513
46.0228
32.8132
49.8171
50.7071
50.1918
15.3878
43.4933
15.2941
46.4913
56.1408
50.3323
50.4260
47.0534
20.9621
41.3386
41.1980
50.6134
50.5666
35.4364
50.5197
50.3792
50.8476
50.7539
50.9881
39.9333
51.7845
33.5159
50.5666
50.0981
35.2959
52.0655
56.7966
51.8781
33.7032
50.5197
50.4260
50.0513
26.3958
22.0863
50.1918
50.3323
50.0513
33.4222
42.0412
53.6582
41.4791
45.6481
23.5852
50.2855
50.2387
43.1186
50.2387
41.0107
49.8171
50.1918
50.7071
50.1918
28.8316
50.2387
45.6481
6.1130
23.2573
39.2775
37.3570
50.9881
50.7539
49.3955
12.1088
50.7539
50.9881
11.3125
50.8945
32.3448
31.0800
55.4382
15.0599
49.3018
36.1859
58.8108
50.9881
40.4954
51.6439
51.8313
51.4566
59.1856
57.6398
51.6908
56.7966
45.1328
32.0169
51.9250
52.1592
51.7376
24.1942
55.5787
51.4566
51.4566
51.2224
25.5526
51.1755
51.0350
20.8215
25.1779
51.1755
50.9881
50.9413
50.7539
35.9517
50.6134
40.7296
50.5666
50.7071
5.5508
38.5280
56.9371
26.9111
37.4975
16.8867
50.2855
22.3205
6.4409
50.2387
10.1883
47.6623
56.3750
41.4323
50.1918
50.1450
42.3691
17.9641
55.8129
49.8171
46.5381
27.2390
49.7702
49.9576
47.3813
50.7071
22.4610
40.4954
48.1307
45.6012
49.3018
15.5752
47.4281
50.2855
52.2529
50.5197
50.2387
43.0249
41.0107
45.5076
51.7376
18.7136
50.5197
50.7071
22.3205
39.9333
38.6217
51.0350
51.1287
38.7154
35.9517
45.9291
26.8174
42.2754
48.5992
50.7539
57.6398
26.5832
51.1287
11.9683
32.7195
47.2876
40.4954
31.8295
39.8864
51.0818
51.4097
56.7498
35.4832
51.5971
51.6439
42.4628
42.0881
46.3976
52.2060
43.9149
41.8538
51.5971
51.4566
25.7400
41.1044
51.4097
51.2692
38.1064
51.0818
51.2224
50.9881
55.2508
30.6116
26.5363
51.2224
27.0984
47.1002
40.7296
50.8008
12.7178
50.6134
37.3101
50.8476
21.8521
50.3323
50.4729
50.5666
35.3896
50.3323
49.9108
42.0881
50.0981
49.8171
47.5218
50.4729
50.3792
9.5325
37.0759
35.7175
50.2387
46.2102
30.9864
31.6422
27.3795
50.1450
50.1918
58.6235
31.2206
50.1918
17.6831
5.6445
48.0371
49.8639
47.0065
50.2855
53.7519
50.2855
27.8011
50.2855
50.4729
50.4729
50.0981
50.3323
26.0679
50.7071
34.2185
50.9413
16.8867
35.9985
59.6072
41.5728
36.1859
51.4566
45.7418
40.4954
22.9763
24.8031
45.1328
38.6685
51.5971
45.4139
45.1328
38.1533
6.3003
40.4954
9.9072
20.9152
22.3673
45.2265
45.0391
45.7418
15.8562
18.9478
36.3733
10.6567
59.5135
37.4975
50.8476
52.9555
18.9478
50.8476
50.4729
41.6196
50.5666
50.5666
42.1349
1.8971
11.9683
50.3323
45.2733
50.8008
50.9413
50.9413
52.9555
56.4687
1.1008
52.5808
51.0350
35.7643
38.9496
29.4874
51.8313
40.2143
51.6908
51.8781
49.4892
52.1592
51.9718
42.6970
44.2897
51.9718
49.6297
51.3629
13.6078
51.3160
51.0818
11.2656
51.2692
51.1287
51.1287
48.8334
47.4281
51.1287
47.9434
12.8583
34.1248
45.9291
50.5666
50.8008
40.7296
56.9371
58.4361
31.5016
24.2410
50.3792
55.2040
50.1450
10.0477
54.2671
50.2855
50.2387
50.3792
50.1918
50.1450
14.9662
50.2387
46.5849
38.2001
45.0860
35.3896
6.9561
40.6828
45.2265
45.0860
37.9659
44.8518
10.0009
14.4041
36.9354
45.3202
41.3854
45.6012
58.7172
60.5440
11.9214
45.6012
16.2778
45.6012
36.7480
51.6439
22.1331
57.4993
50.0981
27.5200
23.7726
50.6602
50.3323
50.1918
50.4729
50.4260
25.1779
46.3976
59.4666
31.5016
50.7071
44.7112
10.3756
49.5829
40.8701
50.8476
50.7071
47.6623
50.9413
23.0231
51.2692
51.3160
45.6012
7.0966
32.1574
51.8313
20.2594
15.7157
38.8091
2.8808
52.0187
43.5402
47.5218
51.5503
51.5971
51.4566
51.4566
51.1755
11.7809
34.6869
42.8375
51.1287
51.1755
51.4566
51.1287
50.8476
22.6015
37.4975
50.9881
50.9413
10.0477
50.6134
18.7136
40.9170
48.5523
50.5197
48.5992
53.1429
39.3712
46.5381
50.2855
50.7071
47.1002
44.6175
56.6092
57.3119
50.4260
15.6220
40.6828
50.0044
44.9923
57.3587
44.8986
28.1758
30.3774
45.1797
45.0391
47.1002
46.0228
44.9454
23.3510
45.0391
42.2286
45.3670
15.5283
44.9454
45.3202
44.8986
44.9923
12.6241
45.6012
41.9944
46.4913
10.6098
26.9579
57.8740
27.9416
47.8028
50.1450
39.6522
49.9576
50.0044
50.2855
50.8008
50.0513
50.4729
3.0682
50.4729
50.5197
50.7071
17.5425
50.4729
50.6602
40.1675
39.6522
59.4666
31.8295
25.3653
52.9087
50.8008
50.0981
36.2327
50.8476
27.1921
59.5135
35.4364
50.1450
22.7889
44.9454
10.4225
45.0860
46.5849
44.8049
44.8986
31.1269
45.9291
45.6012
38.6217
11.5467
20.2594
53.3771
45.1797
7.6119
45.2733
38.9028
44.8986
45.9760
30.9395
23.0700
51.6439
44.9923
50.6134
50.1450
50.0981
0.5387
31.3611
47.2407
50.4260
50.1450
50.3323
50.6134
50.4260
50.7071
50.7071
55.2977
56.3282
42.8844
50.6602
50.3792
50.9881
33.2816
8.6893
40.1207
49.8171
50.8476
50.9413
50.9881
51.0818
50.7539
51.0350
51.0350
44.8049
51.2692
51.2692
31.3611
50.8008
51.5034
51.4097
57.3119
50.7539
52.1124
38.2470
35.1085
30.8458
51.9250
55.8129
51.4566
41.1980
40.4954
57.6866
51.3160
46.5849
51.0350
51.0818
35.7643
26.5832
50.7071
50.7071
50.8008
38.1533
50.7071
50.8476
50.5197
50.8008
50.7071
54.2671
50.7071
20.7278
28.8784
59.5135
7.4714
50.7071
25.5058
46.6786
50.5666
3.9582
50.2387
10.9377
9.9072
35.3427
51.9718
44.8049
44.8986
44.6175
45.1797
41.1044
59.5603
52.1592
45.1797
37.6848
45.1797
45.0860
16.5588
47.5218
50.8476
43.6807
35.8580
9.2046
44.4302
40.8701
28.3632
45.1328
21.4305
29.8153
37.2633
50.2855
59.9819
50.3323
39.2307
34.8743
22.1800
50.2855
50.2387
15.0599
30.8927
50.5666
50.6134
50.7071
22.2268
50.5666
34.6869
32.2043
57.1245
24.6626
48.0371
13.4672
29.3937
26.2553
51.2692
49.3955
45.0860
22.6015
42.3223
51.2692
31.7358
49.5829
51.7845
21.5242
52.1592
51.6908
25.4589
51.8313
52.6276
51.6908
35.5301
51.5971
34.7806
19.7441
6.4877
15.2473
51.3629
35.3896
40.4954
50.8476
51.1287
51.4097
16.9804
50.8476
47.7092
35.4364
40.3549
50.8008
50.7539
49.5360
50.8008
50.7539
41.4323
50.7539
8.8767
50.7071
56.6092
50.7071
28.4100
50.5666
42.3691
50.3323
50.0044
1.4287
50.7071
50.4260
33.2816
25.3653
50.1918
50.1450
49.8639
51.5503
48.0371
20.5873
50.3323
49.4423
46.4913
56.5156
45.1328
45.6949
44.6175
45.2733
45.3670
50.1918
45.1328
45.0860
45.0860
45.0860
16.4183
14.4978
44.2897
48.9271
44.8986
44.8049
37.4506
48.8334
45.4607
45.0391
45.6012
45.0391
50.8008
49.5360
49.9108
46.4913
60.3098
50.4260
50.3792
47.9434
57.0308
50.2387
50.8945
32.4385
50.5666
49.8639
50.8008
23.0700
50.9413
31.7358
28.3163
54.5950
50.2387
27.0516
49.7702
22.5079
52.8150
49.6297
50.1450
50.0044
44.8518
44.7581
44.9454
37.3570
44.9454
50.1450
38.7154
19.3694
38.9496
50.0513
53.9392
44.1960
55.4382
44.9923
48.4118
32.1574
25.1779
50.0981
35.5301
50.2855
50.1450
50.2855
3.2087
50.2855
50.3323
35.7643
37.1227
37.7317
32.4385
50.2387
50.5197
20.1657
18.4794
50.6134
50.7071
20.6810
59.9819
50.7539
50.9881
50.9413
50.9881
50.8476
19.3226
36.1859
50.8945
24.1942
56.0471
44.5239
46.1165
51.3160
46.4913
11.6872
51.6908
11.5467
37.2164
51.8313
40.4954
51.8313
51.5971
33.2816
51.0350
27.8948
51.1755
51.1287
40.4954
54.1266
50.8945
50.5197
50.6134
50.8008
20.0720
51.1755
47.1470
52.1592
52.8150
50.5197
50.6134
45.6012
50.0981
50.3792
49.3018
50.3323
46.1634
50.3323
50.1918
28.2695
53.6582
20.1189
50.1918
37.2164
47.8497
41.7133
45.1797
44.9454
44.9454
53.5176
49.0208
31.5953
50.1450
50.1450
50.2855
49.1144
4.9419
45.0860
45.4607
41.4323
25.6932
7.1435
52.1124
50.1918
45.4607
46.1634
49.6297
50.2855
45.3202
21.8521
42.2286
50.6134
57.5929
11.8277
50.3323
50.0044
46.0697
20.3999
43.2123
50.7071
38.6217
44.3833
50.4260
45.6012
50.6602
50.8008
50.7539
25.7868
58.1082
50.8008
51.2224
51.1287
57.1714
39.8396
27.6137
51.5503
51.6908
51.1755
8.1740
51.8313
48.4118
28.1758
51.5034
51.8313
51.7845
47.9902
51.6908
45.8823
42.7438
51.3629
26.3958
51.2224
33.0943
50.7539
51.0818
3.4898
50.7071
38.9496
39.1838
50.8008
50.7071
7.5182
43.5402
46.3976
49.9576
50.8476
6.0193
39.8396
43.7275
50.7539
50.2855
47.2876
59.9351
50.2387
39.5117
54.0329
50.4260
52.4871
21.0089
32.1574
47.5218
50.3792
46.8660
44.8986
44.7581
39.7459
51.0350
27.0984
44.5239
22.9294
50.1918
50.1450
50.1450
45.0860
50.4729
50.7071
45.8355
50.0044
11.1251
23.7726
49.8639
50.0981
50.0513
32.5322
49.8639
50.2855
43.5402
50.7071
46.6318
9.2046
31.0332
21.9457
35.0148
57.2650
4.8014
20.3999
46.5849
50.2387
22.3673
50.8945
50.8476
27.6137
27.6137
55.4850
56.5624
40.0270
27.7542
27.6605
27.8948
45.6012
49.9576
27.7074
27.6605
58.8108
27.7542
27.8948
27.6605
25.1779
27.7542
27.5669
27.6605
27.7074
27.6605
14.2636
27.8011
27.7542
27.5669
27.7074
27.6605
17.4489
27.3795
27.7542
27.7542
27.7074
27.7074
27.7542
27.7074
27.9416
27.4263
31.5953
59.3261
20.3999
56.9840
21.0089
27.7542
9.0640
27.6605
27.7074
24.5689
56.8903
38.0596
27.8011
37.3570
27.8011
27.7074
46.3039
35.4832
15.1067
32.1106
27.7542
27.4732
52.7213
27.7074
27.8011
54.0797
27.8948
27.8948
27.7542
27.7542
27.5200
49.9576
27.5200
27.5200
27.7074
27.7542
27.7074
37.8722
27.7542
27.5200
41.7133
13.3736
27.7074
27.7074
27.7074
14.9662
27.6605
27.5200
27.6605
27.7074
27.6605
27.7542
27.7542
27.7074
27.8479
53.0961
58.4830
27.8011
13.8888
11.8277
27.7542
27.6605
27.4732
27.8948
27.4732
28.9253
27.5669
48.8802
27.7542
56.3282
27.6605
41.6665
27.5200
27.7074
27.7542
32.5790
27.7542
27.4732
49.5360
27.7074
27.8948
27.7542
27.7074
27.6137
34.4059
40.9170
27.6605
46.2570
27.6137
27.6605
27.7542
27.8011
25.6463
40.0738
37.9659
60.5440
27.7074
26.8174
27.6605
27.5669
20.9152
27.7542
35.3896
27.7074
38.1533
16.2778
44.3833
43.6339
27.6137
27.8011
27.4732
27.4263
55.3913
27.7074
59.0451
27.8011
27.6605
27.7074
47.5218
27.7542
27.7542
50.0513
27.8011
27.6137
38.0596
27.8011
27.4732
27.7074
41.2449
8.7830
28.0821
27.4732
27.9416
27.8011
27.5200
27.8479
27.4263
13.3267
27.4263
27.8011
27.8479
56.0003
27.7074
27.8011
27.7074
27.7074
27.5200
42.8375
31.1269
27.7542
27.6605
27.4732
27.7542
27.8011
27.6605
27.8011
27.8011
49.5360
27.7542
15.6220
48.3181
27.3795
27.7074
25.1779
27.7074
27.6605
27.8479
48.1307
27.7542
27.7074
30.5648
27.7542
27.7074
27.7074
27.8011
27.7074
26.2553
27.7074
25.1779
27.9884
27.8011
27.7542
27.7074
27.7542
27.7074
53.0961
27.8011
27.8011
27.6605
49.2081
27.8011
27.4732
27.7074
29.6279
27.7542
27.7542
27.5669
27.7542
27.7542
27.7542
27.8948
27.9884
57.3587
27.7074
27.5669
27.9416
27.6605
27.8479
27.7542
27.7542
27.7542
27.7074
27.6605
56.6092
10.7972
27.7074
27.5669
54.8292
27.6605
27.7542
27.8479
48.7397
20.6342
16.4183
16.6057
16.4652
16.6525
27.6605
16.6525
16.6994
16.6525
32.2980
16.5120
16.6057
28.1290
35.4832
16.6994
16.4183
16.6525
16.4183
16.6525
21.2899
16.6525
16.6525
16.5120
16.6994
16.5120
16.5588
16.6525
16.5588
15.3409
16.6057
16.5120
33.4690
16.4652
16.6525
16.6525
16.5588
16.7462
48.8334
16.6525
16.6525
16.6057
16.7462
36.2796
16.6525
16.6525
16.5120
16.6057
16.6994
16.7462
16.6525
16.6525
16.6525
16.5588
47.6155
16.5120
16.8399
16.4183
49.5829
16.4652
16.5588
16.6525
42.6970
16.7931
16.5120
16.6525
16.6057
16.6525
28.8784
16.6057
16.6994
16.6525
16.5588
16.6525
16.5588
16.6525
16.6525
16.5588
16.6525
16.5588
16.3715
16.6057
31.3611
16.5588
32.9069
16.6525
17.1210
16.5120
16.5120
16.6994
26.0679
16.5588
16.6057
16.6057
16.6525
16.6525
16.4183
16.5588
16.5120
16.5588
16.6057
35.3896
16.3715
16.6057
16.4652
16.5588
16.6525
16.5120
16.6525
16.4652
16.5120
16.5120
16.6525
16.6525
16.5120
16.6525
16.6525
16.6525
38.2938
16.6057
16.6994
16.6057
51.8313
16.5120
16.6525
16.6525
16.6057
7.8461
16.6994
16.6057
16.6057
16.6525
16.6525
16.5120
31.6890
37.6380
16.6525
16.6994
16.6525
16.4183
16.6057
16.6994
16.6525
59.9819
16.6057
16.6525
16.5588
16.6525
16.3715
16.6525
29.1595
16.6994
28.1758
16.5120
16.6525
16.6057
16.6057
16.6057
16.6525
16.6525
16.6994
46.4444
16.6525
16.6525
16.6057
16.6525
16.6525
16.3715
38.1533
36.3733
16.6525
16.6525
16.6525
54.6419
16.7462
16.4183
16.6525
27.0047
16.7462
39.4649
16.6525
16.6994
16.6525
16.5588
16.6994
16.6525
16.6994
16.5588
16.6525
16.6525
15.9499
16.6994
16.6057
16.6525
16.4652
16.6525
16.6525
16.6525
16.6057
16.6525
16.6525
16.2778
16.6525
16.6525
16.6525
16.7931
16.6525
31.3611
16.6994
16.6525
16.6525
16.6525
17.0741
16.6525
16.6994
51.7845
16.6525
16.6525
16.5588
16.5588
16.6057
16.5588
16.6057
55.2977
16.6994
16.6057
16.5120
16.6525
16.6057
16.6057
16.6525
16.4183
50.8008
16.6057
16.8399
16.6525
16.6994
16.6525
16.7931
60.4972
11.8277
11.9683
11.9214
11.9214
11.8746
11.9214
11.7809
11.9214
11.9214
11.9214
11.9214
11.9214
11.7341
11.9214
11.9683
11.9214
43.3996
11.9214
11.7809
11.9214
11.9214
12.0151
11.8277
40.5422
11.9214
11.9683
5.2698
11.9214
11.6404
35.7175
11.8277
11.8277
35.8111
12.0620
11.9683
11.7809
12.0620
11.9214
12.3430
11.9683
40.1207
40.2143
11.8746
11.8277
11.9214
11.9214
11.9683
11.9214
11.9214
11.9214
11.8277
12.3430
11.7341
11.9683
11.8277
13.7951
11.8746
34.7806
11.8746
11.9214
11.9683
11.9214
11.8746
11.8746
11.9214
11.9214
11.9214
12.2025
11.9214
11.7341
11.8746
11.8277
11.8746
11.9214
11.8746
11.8746
11.8746
11.9214
11.8277
11.9214
11.9214
12.0620
11.7809
12.1088
11.9683
11.8277
11.9214
12.0151
36.0454
19.3694
20.7747
11.9214
11.9214
12.0151
11.8746
11.9214
11.7809
11.9683
11.9214
11.9214
11.8746
11.9214
11.7809
11.9214
12.1556
11.9214
11.9214
11.9214
11.8746
11.8746
11.8746
4.7545
11.9214
11.9214
11.9683
12.1088
11.9214
11.6872
11.9683
54.6419
11.9214
11.9214
11.7341
11.5467
11.9683
11.8277
11.5467
11.9214
11.9214
11.9214
11.8277
11.8277
11.9214
11.8746
11.7809
11.9214
11.9214
11.9214
11.8746
11.8277
11.9214
11.9214
11.6404
11.8746
11.8277
11.9214
11.9214
11.8746
11.7809
12.0151
11.5935
11.7809
11.8746
11.7809
35.6706
56.9371
11.9214
52.1592
11.9683
11.8746
11.9214
11.9683
11.9214
11.9214
11.8746
12.0620
11.9214
53.4708
11.9214
11.9683
11.9214
11.8746
11.8746
11.7809
11.9214
12.2962
58.2956
11.8746
45.6949
26.3489
11.9214
11.8277
38.8091
11.9214
11.8746
12.2493
33.0943
11.9683
11.7809
11.9214
11.8277
11.8746
31.2674
11.9214
11.9214
12.1556
11.9214
11.9214
11.8746
11.8746
11.9214
11.8277
11.8277
11.9214
14.9662
12.0620
11.9214
11.9214
11.9214
11.9683
11.9214
11.7341
11.9214
11.8277
11.8277
11.9214
11.7341
11.9214
11.8746
11.8746
11.9214
11.9214
11.6872
11.9214
11.8277
15.1536
11.9214
11.9683
11.8746
12.0151
11.9214
11.9214
11.8746
11.9214
11.9214
11.8746
11.9214
11.8277
11.8746
11.8277
9.2514
9.2983
9.2983
9.2046
9.2046
9.2983
9.2983
38.8559
22.1331
17.4489
31.1269
9.2983
9.3451
9.2983
9.2983
9.2046
9.2983
9.3919
9.2983
9.2514
9.2514
9.2983
9.2983
9.2046
9.1577
9.2983
9.4388
9.2046
9.2983
9.2983
45.8355
9.2514
9.2983
9.2983
9.2983
9.2983
9.2514
9.6261
9.2983
9.3451
37.7785
9.2514
9.1577
9.0640
9.2983
9.2514
9.1109
9.2983
9.2514
9.2983
9.2983
9.2983
9.5793
9.3919
9.1109
9.2983
9.2983
9.2983
32.5322
38.9496
9.2983
9.2983
9.2983
9.4388
9.2983
9.2983
9.0640
9.2514
9.3919
9.2983
9.2514
9.2514
9.2514
9.0640
9.2983
51.3160
9.2983
9.2983
9.1109
9.3451
9.2983
9.2046
9.2514
54.9229
9.2983
9.2983
50.4260
9.2046
9.2983
9.2983
9.2983
31.4079
9.2983
9.1577
9.2983
9.2983
9.3919
9.3451
8.9704
9.2514
30.9864
9.4388
9.2514
9.2983
30.5648
9.2983
38.3406
9.2983
9.2514
6.0193
26.9111
9.2983
54.8292
9.2983
52.2060
9.2046
9.2983
45.6949
13.5609
9.2983
9.2983
9.2983
9.2983
9.2983
9.2514
9.2514
9.2983
9.2514
8.9704
9.2514
9.2983
9.3919
9.1577
9.2983
9.2983
9.4856
9.2983
9.2983
9.2983
56.2345
9.1577
9.2983
9.5325
9.2514
25.7868
9.2983
9.2983
9.1577
9.2983
9.2514
9.4856
9.2983
9.3451
9.4856
33.9843
9.4388
9.2983
9.3919
9.2983
9.2983
9.2514
9.1109
9.3919
9.2514
9.3919
9.2983
9.2514
9.0640
9.2046
9.2983
9.3919
8.9704
39.8864
9.0640
57.5461
9.0172
9.2514
9.2046
9.4856
9.1577
9.2983
58.0145
9.3919
9.2983
9.2983
9.2983
9.1109
9.2983
9.2983
9.2983
9.1109
9.4388
9.2983
16.3246
9.2983
9.2046
41.6665
9.2046
9.2983
13.1862
9.2983
9.2983
9.2983
9.1577
9.2983
9.2983
1.2882
9.3919
9.3919
9.2983
9.3451
9.2514
24.9437
9.3451
9.2514
9.2514
9.3919
9.2983
9.2983
8.8767
9.2514
9.2046
9.2046
9.3451
9.2514
9.2514
9.2514
9.4856
9.2983
9.2983
9.2983
9.2514
9.2046
9.2046
42.5565
9.2983
9.3919
9.2983
9.2983
9.2983
30.5179
9.3451
9.1109
9.3451
9.2046
9.2983
9.2983
9.2514
9.3451
9.7198
9.3919
7.6588
7.7524
7.3309
7.7524
7.5651
7.6119
7.6588
7.6119
7.2372
7.6119
7.6588
7.5651
7.4714
7.4714
7.2840
7.6119
7.7993
7.5182
7.5651
7.5182
7.6119
7.5651
7.5651
7.6119
7.6119
7.5182
7.6119
7.6588
7.6119
7.5651
7.6119
7.5651
7.5182
7.6119
7.5651
7.6119
7.6119
7.6119
7.6119
45.3202
7.6119
7.7056
7.8461
41.8538
7.6119
7.5651
7.6119
7.6119
7.6119
7.6119
7.5651
7.4714
7.5651
7.5651
7.5651
7.4245
7.1435
7.6119
7.6119
7.2840
52.7682
7.6119
7.6119
7.6119
7.5651
40.6828
7.6119
7.5182
7.6119
7.5651
7.5651
7.6119
7.5651
7.6119
7.5651
7.6119
7.3309
7.6119
7.4245
7.4714
7.6119
7.6119
7.6119
7.7056
7.6588
7.7056
7.6119
7.6119
7.5182
7.4714
7.6119
7.6119
7.6588
7.6119
7.6588
7.6119
7.5182
7.4714
7.4245
7.6119
7.6119
7.7056
7.7056
35.2022
7.5651
7.6119
7.6119
7.3309
7.3309
7.5182
7.6119
7.9398
7.7056
7.6119
7.5182
7.6588
19.2289
7.3777
7.4714
7.5182
7.5182
7.2840
51.7845
7.5651
7.5182
7.6119
7.5651
7.6119
7.6119
7.5651
7.6119
7.6119
7.5651
7.7524
7.6119
7.5651
7.5182
7.5182
7.6119
7.6119
7.6119
10.2351
7.6119
7.5651
7.6119
7.5651
7.6588
7.6119
7.5651
7.7056
48.7397
7.5182
30.5179
7.6119
18.0110
60.2161
7.2840
7.3309
7.5651
7.4714
7.5182
7.6119
7.5651
7.6588
7.6119
7.8930
7.9398
7.6119
7.6119
7.6119
7.5651
7.3309
7.5182
58.6703
54.5950
0.6324
45.9291
7.7993
7.6119
7.5182
7.6588
7.6119
7.7524
7.6119
7.7524
7.4245
7.5182
7.8461
7.5651
7.6119
7.6119
7.1435
20.1189
7.5651
7.4714
7.5651
7.7056
7.4714
7.5182
7.6119
7.2372
7.3777
7.5651
7.6588
7.5651
7.6119
7.6588
7.6119
7.7056
7.4714
48.7397
7.6119
7.5651
7.5651
7.5651
7.6119
7.6119
7.6119
7.5182
7.6588
7.6119
20.4468
7.6119
7.5182
7.4245
7.5651
47.1002
7.5182
7.5651
7.6588
7.5182
7.3309
7.5651
7.5651
7.6119
7.5651
7.6119
7.6588
7.5182
7.6119
7.5651
7.6119
7.5182
7.4245
7.6119
7.5651
7.6588
7.5182
7.6119
36.0922
22.1800
6.4409
22.6015
49.7702
6.4409
6.3940
6.3472
6.3940
6.4877
6.4409
6.4409
6.4877
6.4409
6.4409
6.7219
6.2535
6.3940
6.3472
6.3472
6.4877
6.4877
6.4409
6.4409
6.3940
20.0720
6.1598
6.4409
6.3003
6.5814
6.5814
6.3003
6.4409
6.3940
6.4409
6.3940
6.4409
6.4409
6.3940
6.2066
6.5345
6.4409
6.3472
6.3003
6.4877
6.4409
22.6015
6.1130
6.3940
6.3940
6.3003
6.3940
6.3940
6.2535
6.4877
6.4409
6.4409
6.5814
6.5814
6.1598
6.4409
6.3940
6.3003
6.4409
6.3472
6.4409
6.4409
6.4409
6.2535
6.4409
6.4409
6.4409
6.4409
6.4409
6.4409
6.4409
6.4409
6.5345
6.4409
6.4409
6.4409
6.4409
6.3472
6.4409
6.4877
6.4877
6.4409
6.4409
6.3472
6.4877
17.8704
6.4409
6.4409
6.4409
6.3940
45.9291
6.4409
6.3940
6.4409
6.4409
6.3940
6.3940
6.4409
6.4409
6.4409
6.3940
6.3940
6.4409
6.3472
6.4409
6.4409
6.4409
6.3940
6.4877
6.4409
6.3472
6.3003
6.3940
6.4877
6.4409
6.3940
6.4409
6.4409
6.3940
6.3940
6.3940
6.3940
6.3472
6.3003
6.4409
49.4892
6.3940
6.4409
6.4409
6.3940
6.4409
6.3940
6.4409
6.3472
6.4409
6.4409
6.3472
6.4409
6.4409
46.4913
6.3940
6.4409
6.2535
6.3003
6.3472
6.4409
6.3940
6.4409
6.4409
6.4409
6.3003
6.4409
6.3472
6.4409
6.4409
6.4409
44.0086
6.4877
6.3940
35.7175
6.4409
6.4409
22.1800
6.4409
6.4409
6.4877
6.4409
6.3940
6.3940
6.4877
6.3940
6.4877
6.4409
32.1106
6.3940
6.4409
6.2066
6.3940
6.2066
6.4409
6.3472
6.4409
6.4409
6.4409
6.4409
6.3940
6.4877
6.3003
6.4409
6.4409
6.3940
6.4409
6.4409
6.4409
6.3472
6.3940
6.4409
6.4409
6.4409
6.5345
6.4409
6.4409
6.3472
6.4409
6.4409
6.5814
6.3940
37.3570
6.4409
6.4877
6.4877
6.4409
26.3021
6.3472
6.4409
6.4409
6.4409
6.4409
6.4409
6.4409
48.4586
6.3003
6.6751
38.6217
24.6626
6.4409
6.4409
6.4409
57.4524
6.4877
6.4409
6.3940
6.4409
6.4409
6.4877
6.1130
6.4409
6.3940
6.3940
6.4409
6.3940
6.3940
6.4409
5.5977
5.5508
5.3635
5.6445
5.5977
5.5977
5.5977
5.4103
50.6602
5.5977
5.7851
5.5977
5.6445
5.5508
5.5977
5.5977
5.5508
5.6445
5.5508
5.5508
5.5977
5.5977
54.1734
5.5977
5.5977
5.5508
5.4103
5.5977
5.5977
5.5040
5.5977
5.5977
41.9475
5.5508
5.5977
5.5508
5.5040
5.5508
5.5977
5.5977
5.4572
5.5977
5.4572
5.5977
5.5040
5.6914
5.5977
5.5977
5.5040
5.5977
5.5977
5.5977
5.5977
14.9662
5.5040
5.6445
5.5508
5.5977
5.5977
5.5977
5.5977
5.5977
5.3635
5.4572
5.4103
5.5977
5.6914
5.5977
56.7966
58.6235
5.5977
5.5508
5.5977
5.6445
5.5977
5.5977
5.5508
5.5977
5.5977
5.5977
5.5977
5.5977
5.6914
5.5977
5.5977
5.6914
5.6445
5.5040
5.4103
5.5977
5.5508
23.6321
5.4572
5.6445
5.5977
5.5040
5.5508
5.5040
5.5977
58.8108
5.5977
5.4103
5.4572
5.5977
5.5508
39.0433
5.5508
5.5977
5.5508
5.4103
5.5040
5.5977
5.5977
5.5977
5.5977
5.5977
59.3730
5.5508
5.5040
5.7851
5.5508
5.5977
5.5508
5.5508
5.5508
5.4572
5.4103
5.5977
5.5508
46.3507
5.5977
5.6445
5.5977
5.5508
5.5977
5.5977
5.5977
5.5508
5.6445
5.4572
5.5977
5.5508
5.5508
5.8787
5.5508
5.5508
5.6445
5.5977
5.4572
5.6445
5.5040
39.1370
5.5977
5.5977
5.5508
5.5977
5.3635
5.2698
5.5977
5.5977
5.5977
48.4118
5.5508
5.4572
5.5977
5.5977
5.5977
5.5977
5.5040
5.6445
5.5508
5.5508
5.5508
5.5977
5.5977
5.5977
5.5040
5.5977
5.5977
5.5977
5.5508
5.5977
5.5977
19.2757
53.3303
5.4572
5.2229
5.3166
5.5040
5.5508
5.4572
5.4572
5.6914
52.7213
5.5508
5.5977
39.9333
5.5040
5.5040
5.5977
5.6445
36.2796
5.5040
5.3166
5.5977
5.5508
5.5977
5.5977
5.5977
5.3635
44.9454
5.4572
5.5508
5.6914
5.5977
5.5977
5.5977
5.7382
12.0151
5.5977
5.5977
5.6445
5.5040
5.5040
5.5977
5.3635
5.5977
5.3166
5.5977
5.5508
5.4572
5.7382
5.5508
5.6445
5.5977
38.7154
52.6276
5.5977
5.6445
5.5977
4.9419
4.8950
4.8482
4.9419
4.9419
4.8950
4.8950
5.0356
4.9887
4.9419
4.9419
4.9419
4.6608
4.9419
4.9419
4.9419
4.9419
4.9419
4.8950
4.9419
4.9419
4.8482
4.9419
4.9419
4.9419
4.9419
4.7545
4.9419
51.8313
4.8950
4.8950
4.9419
4.8950
4.8014
4.9419
4.8014
4.8482
4.8950
4.9419
4.9419
4.8482
5.1293
4.9419
4.9419
4.9419
4.9887
4.9419
4.8950
4.9419
4.9419
4.9419
4.8950
4.9419
4.7545
15.6220
4.9419
4.9887
4.8014
4.9419
4.9419
20.6810
4.7545
4.9419
4.9419
4.9419
4.9419
31.8764
4.9419
4.9419
4.9419
4.9887
4.8950
4.9419
4.9419
4.8950
4.9419
4.9419
4.8014
4.7545
4.9419
4.9419
4.9419
4.8482
9.2514
4.9419
4.8482
57.0777
4.8950
4.9419
4.9419
4.8950
4.8950
5.0356
4.8014
5.0824
4.8482
4.8950
4.9419
4.9419
4.8950
4.9419
60.5909
4.8950
4.9419
4.9419
4.9419
4.8950
4.9887
4.8950
4.8950
4.9419
4.9419
4.8950
4.8482
4.9419
4.8950
4.9419
4.8482
4.9419
4.8014
4.9419
4.8950
4.9419
4.8482
4.9887
4.9419
4.9419
4.9419
4.8482
4.8950
4.9887
4.9419
4.9419
4.9419
4.9419
4.9419
4.8950
4.9419
4.8482
52.3466
4.9419
4.9419
4.9887
5.0356
4.8950
4.9419
4.9419
4.8014
4.9419
4.8014
4.9887
5.0356
54.5013
4.8482
5.1761
4.9419
41.4791
46.6318
36.7012
4.9419
4.9419
4.9419
4.9419
4.9419
4.9887
57.6398
4.9419
4.9887
4.9419
4.9419
4.6608
4.9419
4.9419
4.8482
4.9419
4.9419
4.9419
4.8950
27.2390
4.9419
4.8482
4.8950
26.1147
54.2671
4.9419
4.8014
4.9419
53.1429
4.8014
4.9419
4.9419
4.8950
4.9419
4.9419
4.8950
4.8014
4.8950
4.8950
4.9419
4.8014
4.8014
5.2229
5.0356
4.9419
4.9419
4.8950
4.9419
4.9419
4.9419
4.9887
4.8014
4.8950
4.9419
4.9419
4.9419
4.9419
4.8950
4.9419
4.7545
4.8950
5.0356
4.9419
4.9419
4.9419
4.8482
4.8950
4.9887
4.8950
5.0824
4.9419
4.9419
4.9419
4.9419
4.8950
4.9419
4.8482
4.9887
4.8950
4.9419
4.9419
4.9419
4.9419
4.8950
51.1287
29.9558
4.8014
4.4735
4.4266
4.4266
4.3798
4.3798
3.8645
4.4266
4.3798
4.4266
4.4266
4.3329
37.1696
4.3798
4.2861
4.3798
4.3798
4.3329
4.7545
21.8052
4.4266
4.5203
4.4735
4.4266
4.4266
4.4266
4.4266
4.4266
29.5811
44.8518
4.4266
4.3798
49.5360
4.4735
4.4266
4.3329
42.1817
4.4266
4.4266
55.8598
4.4735
4.3798
4.4266
4.4266
4.1924
4.5203
4.2861
4.3798
4.5203
4.4266
4.4266
6.3472
50.9413
4.0519
19.2289
4.4266
4.4266
4.4266
4.3329
4.4266
4.4735
4.4266
4.4266
4.3798
4.4266
4.4266
4.4735
4.2861
4.3329
4.4266
4.4266
4.4266
4.4266
4.4266
4.2393
4.3798
4.4266
2.7403
4.3329
4.3798
4.4266
4.4266
4.4266
4.3329
4.3329
4.4266
4.4266
4.4266
4.4266
4.3798
4.4266
22.3205
4.4266
35.9048
4.4266
4.3798
4.3329
4.3329
4.5203
4.3329
17.4020
30.9864
51.2692
4.3798
4.4266
4.4266
4.1924
29.3937
4.4266
4.3798
4.4266
51.8313
4.4266
4.4266
4.3798
4.4266
4.2861
4.4735
4.4266
50.7071
4.4266
4.4266
4.2861
4.0987
4.3798
52.2529
4.4735
4.4266
4.4266
4.4266
4.2861
4.4266
4.2861
4.3329
4.4266
4.3798
4.4266
11.9683
4.3329
4.4735
4.4266
4.2393
4.3798
4.4266
4.3798
4.4266
4.4266
4.4735
4.4266
4.4735
4.4266
4.4266
4.3329
4.4266
4.2861
4.4266
4.4735
4.4266
4.4735
4.4266
4.4735
4.5203
4.3329
51.0818
4.4266
4.4266
4.4266
4.4266
17.6831
4.3798
4.4266
4.4266
35.5301
4.3329
4.4266
4.2393
4.3798
4.3798
4.4735
4.4266
4.5203
4.4266
3.9582
4.5203
4.4266
4.3798
4.4266
48.7397
4.1924
4.3798
4.4266
4.4266
4.3798
4.5672
4.3329
4.4266
42.3223
4.5203
4.4266
4.4266
4.5672
4.4266
4.4266
4.4266
4.3798
4.3798
4.4266
4.3798
4.4266
4.2393
4.3329
4.4266
4.3798
4.3329
4.1456
4.3798
4.3329
4.4266
4.2861
4.4266
4.3798
4.4735
4.3798
4.0987
4.3329
4.3329
4.4266
4.3798
4.4735
4.4266
4.4266
4.3798
4.3798
4.4266
4.1456
4.3798
4.3798
4.4266
4.3329
4.4266
4.4735
4.3798
4.3798
4.0519
4.4266
4.4735
4.3798
4.4266
4.7545
4.4266
4.2393
4.3798
4.4266
4.4266
25.2247
4.4266
4.4266
4.4266
4.4266
4.3329
4.4266
4.4266
4.4266
4.4266
4.5203
4.4266
27.3326
4.4266
3.7708
4.0050
4.0050
4.0050
4.0050
4.0050
3.9582
4.0050
4.0050
3.9582
3.9114
4.0050
4.0050
3.9114
3.8645
3.9114
4.0050
4.0050
4.0050
4.2861
4.0050
4.0050
4.0050
3.9582
4.0050
4.0050
4.0519
3.9582
5.7851
3.9114
4.0050
4.0050
4.0050
4.0050
4.2393
3.9582
3.8177
4.0050
3.8645
4.0050
3.9582
4.0050
3.9582
4.0519
3.9582
4.0050
3.9114
4.0050
4.0050
28.3632
3.9114
4.0987
4.0050
4.0050
4.0050
3.9582
4.0050
4.0050
3.9582
4.0050
4.0987
4.0050
3.9582
3.9582
3.9582
4.0050
3.7708
3.9582
3.9582
4.0050
4.1456
54.6419
11.5935
4.0050
4.0050
4.0987
4.0519
4.0050
4.0050
4.0050
4.0050
4.0050
4.0050
4.0519
4.0050
32.2043
46.6786
3.9582
11.2188
4.0050
3.9114
4.0050
4.0050
3.5366
3.7708
14.7788
4.0987
4.0987
3.5366
3.9582
4.0050
4.0050
4.0050
4.0050
4.0050
3.8645
3.9582
58.7640
50.8476
3.8645
4.0050
4.0050
3.8645
3.9114
4.0050
4.0050
3.7708
19.5099
3.9582
4.0050
4.0050
3.8645
4.0050
3.8645
4.0050
4.0050
4.0050
4.0050
4.0050
4.0050
49.7702
3.9582
3.9114
53.0492
3.9114
4.0050
3.9582
4.0050
3.8645
3.9582
4.1456
4.0519
4.0519
4.0050
3.9582
4.0050
4.0987
3.9582
17.0273
4.0050
3.6303
3.8645
3.9582
3.6303
3.8645
4.0050
4.0050
4.0987
4.0987
48.8334
4.0519
4.0050
3.8645
3.7708
4.0050
3.9114
26.1616
3.9582
4.0050
4.0519
4.0519
3.9582
3.9114
3.9114
4.0050
3.9114
3.9582
4.0987
4.0050
4.0050
4.0050
4.0519
4.0050
4.0050
4.0519
4.0050
3.9114
22.0863
4.0050
3.7240
4.0519
47.1002
28.6911
4.0050
3.9582
4.0050
18.4794
4.0519
4.0050
4.0050
4.0050
3.8177
4.0050
3.9582
3.9114
3.8645
4.0050
4.0050
4.0050
3.5835
4.0050
3.9582
3.9114
3.8645
4.0050
4.0050
4.0050
3.9114
3.9582
4.0050
4.0050
37.1696
3.7708
25.4121
3.9582
3.6771
4.0050
4.0050
4.0519
4.0050
42.6970
3.9582
4.0519
4.0050
56.3282
4.0050
49.6297
4.0519
4.0050
4.0050
3.8177
4.0050
3.9582
4.0050
3.9114
4.0050
4.0050
3.9114
3.5835
3.4429
3.6771
3.6303
3.7240
3.5366
3.6771
3.6771
3.6771
3.6303
3.5835
3.6303
3.6303
3.7240
15.4815
3.5835
3.6771
3.6771
3.7240
3.6771
3.6771
3.6771
3.5835
3.6303
3.6771
3.6771
3.5835
3.6771
3.6771
3.6303
3.6303
3.6303
3.6771
3.6303
39.8396
3.6771
3.7708
3.6303
3.5366
3.6771
59.7477
3.6303
3.6771
3.5366
3.8177
3.6771
3.6771
3.6771
3.5366
3.6771
3.5835
3.6771
3.5835
3.6771
3.7708
3.6303
3.6771
3.8177
3.6771
3.6771
3.6771
3.6771
3.6771
3.6771
3.6771
3.7240
3.6771
3.6303
3.6303
3.5366
3.4429
3.6303
3.6303
3.6771
3.6771
3.6771
3.6771
3.7240
3.5835
3.6771
3.6771
3.6303
3.6771
3.6771
3.6771
3.5366
3.5835
3.7708
11.0314
3.5835
3.6771
54.8292
21.8052
44.7581
3.6771
3.6303
3.6771
3.6771
3.6771
31.0332
33.7501
3.6771
45.9760
3.8177
3.6771
3.5835
3.5366
3.5366
3.4898
25.1779
3.6771
31.3611
3.3024
37.7785
35.3896
3.6303
3.6771
3.6771
3.7240
3.6771
3.6771
3.6303
3.6771
3.6771
3.6771
3.5835
3.6771
3.6771
3.5366
3.6771
26.3021
3.6303
3.7240
3.6771
3.5366
3.7240
3.5835
3.6771
3.6771
3.9582
3.6771
3.7240
41.7602
3.6771
3.6771
3.6303
3.6771
31.4548
3.8177
3.6771
3.6771
3.6771
3.6771
3.6771
3.6771
3.6303
3.7240
35.3896
3.6771
3.6303
3.5835
3.5835
3.7240
3.6303
3.6771
3.6771
3.6303
3.6771
3.6771
3.7240
3.6771
57.1714
3.6771
3.6771
3.6771
3.7240
3.6303
3.6771
3.7708
3.6771
3.6771
3.7708
3.6771
3.6303
3.6771
3.6771
3.6771
3.6303
3.6771
3.7240
3.6771
3.6771
27.8479
3.6771
42.4628
3.6771
3.6303
3.6771
3.6771
3.6771
3.9582
3.6771
3.5366
3.6771
3.6771
3.6303
3.7240
3.6771
3.6303
3.6771
3.6771
3.6303
3.6771
3.6771
3.6303
3.4429
3.6303
3.6303
44.7112
33.3753
3.5366
3.5835
3.6771
3.5366
3.6303
3.6771
3.6771
3.6303
3.6771
20.1657
3.6771
3.6303
3.6771
3.6771
3.4429
3.6771
3.6303
3.5835
3.5835
3.6303
3.6771
3.3492
3.3961
30.8927
3.3961
36.2796
3.3024
3.3492
3.3961
33.1411
3.4898
3.3961
41.1044
3.3024
3.3961
3.4898
3.6303
3.3024
3.3024
3.3492
3.3961
3.3492
3.3961
3.3961
3.3492
7.2372
3.1150
3.3024
3.3492
3.3492
3.3961
3.1619
3.1619
3.4429
3.3961
3.4429
3.3492
3.3492
3.3961
3.3961
3.3492
3.3492
3.2087
3.3492
3.3492
3.3961
3.3961
3.3961
3.4898
3.3961
3.3492
3.3492
3.3961
3.3961
3.3961
3.3961
42.4159
3.3492
3.4429
3.3961
3.3961
3.3492
3.3961
3.3961
3.3961
3.0682
3.3961
3.4429
3.3961
3.3961
3.3961
3.3961
3.3492
27.9416
3.3961
3.3961
3.3961
3.4429
3.3961
3.3961
3.4898
3.2087
3.3961
3.2556
3.3961
3.4429
3.3961
48.4586
3.3961
3.3961
3.3024
3.3961
3.2556
3.3961
3.3961
3.3961
3.3961
3.3961
3.3961
3.3024
3.3961
3.3961
3.3961
3.3961
3.2087
3.3961
3.3024
3.2556
25.1779
3.3961
3.3492
3.4429
3.3961
3.6303
3.3961
3.3961
3.3961
3.3961
3.3961
3.3961
3.3961
3.3961
3.3961
59.2324
3.2087
3.3024
17.7768
3.4429
3.3961
3.3961
3.3961
3.4429
3.3961
3.3961
3.3961
3.3961
3.1619
3.2556
3.5366
3.3024
3.3492
3.3024
3.4429
3.3492
3.3961
3.0682
3.3961
3.3961
50.4260
3.3961
3.4429
3.3961
3.3961
3.3492
3.3492
3.3961
29.8621
3.3961
3.3492
3.3961
3.3961
3.3961
3.3961
35.5301
3.3492
3.3961
3.3961
3.3961
44.1491
3.3961
3.4429
3.3961
3.3961
3.2087
37.7317
41.9944
3.1150
3.3961
3.3961
3.3961
3.3492
3.2556
3.3961
3.3492
3.3492
3.3961
3.3961
3.3492
3.3492
3.3961
3.3961
3.4898
3.3961
3.3961
27.3326
3.3961
3.3961
3.3492
3.3492
45.6012
3.3961
59.5135
3.3961
3.3492
3.3961
20.8215
3.3961
3.3961
3.3961
3.3961
3.3961
3.3024
16.6057
3.3024
3.4898
3.3961
3.3961
3.2556
3.3961
3.3492
53.4240
3.1619
3.1619
3.1619
3.1619
3.1619
3.1619
2.7403
3.1619
3.1619
3.1619
3.1619
3.1619
3.1619
3.1619
12.3899
3.1150
3.1150
3.1150
60.1224
2.9745
3.1619
3.0213
3.0213
3.1619
3.0682
3.2087
3.1150
3.1619
3.1619
3.1619
3.1619
3.1619
3.1619
3.1619
39.6991
3.0213
3.0682
3.1619
3.1619
3.1619
3.1619
3.2556
43.3060
3.0682
3.1150
3.3024
2.7871
2.8340
3.2087
3.1619
3.0682
3.0213
3.1619
3.1619
3.2087
3.1150
3.0682
3.3492
3.0682
3.1150
3.1150
3.1619
3.2087
3.1150
35.3896
3.1619
3.1619
2.8340
3.1150
3.0682
3.1150
3.0213
3.1150
3.2556
3.1619
3.3024
3.1619
3.1619
3.1619
2.9745
3.0682
3.0213
47.0065
3.1619
3.1619
0.6324
3.0682
3.1619
3.1150
3.1619
3.2087
3.1150
3.1619
3.0682
20.7278
3.1150
3.1619
3.0213
3.1619
3.1150
3.2087
3.2087
3.1619
3.1619
25.1779
3.1619
3.0682
3.2087
3.1619
3.0682
3.0213
3.1619
3.1619
3.1619
3.1150
3.1619
3.1619
3.1619
2.9745
3.1619
3.1150
52.2997
3.1619
3.0213
3.0213
3.1619
3.1619
3.1619
3.1619
3.1150
40.8233
3.1619
2.9277
2.9277
3.1619
3.1619
20.2126
3.1150
3.1619
3.1619
3.1150
3.1619
3.1150
3.2087
3.1619
3.1619
3.2087
3.0213
3.1150
3.1150
3.1619
3.1619
46.1634
3.1150
3.1150
2.9277
3.1619
3.1150
3.1150
3.1619
3.1619
3.2087
3.0682
3.1619
3.1619
8.9704
39.5586
3.1619
3.1619
3.1619
3.1619
3.1619
3.1150
3.1619
3.0682
2.8340
3.1619
3.1619
3.1150
3.1150
3.3024
3.1150
3.1150
3.1619
3.0682
3.1619
3.1619
3.1619
3.0682
3.1619
3.1619
2.9745
3.0213
3.0682
2.9277
3.1150
3.0682
3.0682
3.1619
3.1619
3.1150
3.2087
3.1619
3.1619
3.2556
2.9277
3.1150
3.1619
3.1619
60.2630
3.1619
56.4687
3.1619
2.9745
3.4898
3.0213
3.1619
3.2087
45.6949
3.0682
3.1619
3.0682
3.1619
3.1150
56.5624
3.1150
3.1619
2.9745
3.1619
3.2556
3.1150
3.0682
3.0682
3.1619
3.1150
3.1619
2.8808
2.9277
2.9277
56.0471
2.9277
2.9277
2.9277
2.9277
2.9277
2.9277
2.8808
2.9277
31.6890
2.9277
2.8808
2.9277
2.9277
2.7871
2.8808
2.9277
2.8340
2.9277
2.7403
2.9277
2.9277
2.9277
2.9277
2.9277
2.9277
2.8808
2.9277
2.8340
2.8808
2.9277
2.9277
2.9277
2.9277
2.9277
2.9277
2.7871
2.7871
2.9277
2.7871
2.7871
2.8808
2.8808
2.9277
2.8808
2.9277
2.7871
2.8808
2.9277
2.9277
2.9277
2.9277
2.8808
2.8340
2.8808
2.9277
2.7403
2.8808
2.8340
2.9277
2.9277
33.3753
2.9277
2.9745
2.7403
2.9277
2.9277
26.0210
2.8808
2.8340
2.9277
2.8808
2.9277
2.7871
2.9277
2.6466
2.9277
2.8808
16.8867
2.9745
2.8808
2.8340
3.0682
2.9277
2.8340
2.9277
37.3101
38.1064
2.9277
2.8808
2.7403
2.9277
3.0213
2.8808
2.9745
2.9277
2.8808
2.9277
2.9745
2.8808
2.7403
2.9277
2.9277
55.6724
2.9277
2.9277
2.9277
2.9745
2.9745
2.6466
2.9277
2.8808
2.9277
2.8808
2.9277
2.8340
2.9277
2.9277
2.9277
2.8808
2.8340
2.7403
2.9277
2.8808
2.8808
2.9277
2.8808
2.9277
2.8340
2.6934
20.9152
2.9277
2.9277
2.9277
48.1776
2.9277
3.0213
2.8340
2.8808
49.2550
44.7581
2.9745
2.8808
2.8808
2.9277
10.9846
2.9277
2.8808
2.7403
2.9745
2.8808
3.0213
36.1390
2.9277
2.8808
2.8808
2.7871
2.9277
2.9277
2.9277
2.9277
50.8945
2.9277
2.9277
2.8808
2.8808
3.1150
2.8808
2.9277
2.9277
2.7403
2.9745
2.8340
2.9277
2.9277
2.9277
3.0682
2.9277
2.8808
2.9277
2.9745
2.7871
2.9277
2.9277
2.9277
2.9277
2.9277
2.9277
2.7871
2.9277
2.8808
2.9277
3.0213
2.8808
3.0682
34.6869
2.9277
35.9985
2.9277
2.8808
2.8340
2.9277
3.0213
2.9745
2.9277
2.9277
2.9277
2.9277
2.9277
3.2087
2.9277
2.8340
2.9277
2.9277
2.9277
2.9277
2.9277
2.6466
2.9277
2.8340
2.8340
2.9277
37.1696
25.1779
2.7403
2.8808
2.8808
2.9745
2.8808
2.8808
2.8808
2.9277
2.7871
2.9277
2.8808
2.9277
20.5405
2.6466
2.9277
2.9277
1.1008
2.8340
2.6934
2.5998
2.6466
2.9277
2.6934
2.7403
2.7403
2.7871
2.7403
2.7403
2.7403
2.7403
2.7403
2.6934
20.0720
2.7871
2.6466
2.7403
2.6466
2.7403
3.0213
35.6706
2.7403
2.7403
2.7403
2.6934
2.7403
2.7403
2.7403
2.7403
2.8340
2.6934
2.7403
2.3655
2.7403
2.6934
2.7403
2.7403
2.7403
2.7403
2.7871
2.7403
2.6934
2.7403
2.7403
2.7403
2.7403
2.7871
2.7403
2.5998
2.6466
2.7403
2.7403
2.5998
2.6934
54.3140
2.5529
2.7403
2.7403
2.7871
36.9822
2.7403
2.6934
2.7403
2.6934
2.3655
2.7403
2.7403
2.7403
2.7403
2.7403
50.7539
2.7871
2.6934
2.7403
2.6934
2.9277
2.5998
43.2123
2.6934
2.5998
2.7403
2.7403
2.7871
2.7403
2.5998
2.5998
58.7172
2.7403
2.7403
2.6934
2.8340
58.4830
2.7403
2.7403
2.6466
2.7403
2.7871
2.6934
2.7403
2.6466
2.7403
2.3655
2.8340
2.6934
2.7403
19.2289
2.7871
2.7871
2.7403
12.6709
46.9128
2.7403
2.8340
2.7403
2.7403
2.6466
2.7403
2.6934
2.6934
2.5529
2.7403
54.6419
2.7403
2.7403
2.6466
2.7403
2.7871
2.6934
2.7403
2.6934
4.8950
2.7403
2.6934
2.5998
2.7403
2.7403
2.7403
2.4124
2.7403
2.7403
51.1287
2.7403
2.7403
2.7403
2.6934
2.7403
2.5061
49.1144
2.7403
2.6466
2.7403
2.6466
2.7403
2.5998
2.7403
2.6934
2.6934
2.7871
2.7403
2.7403
2.7871
2.8340
2.5529
2.7871
2.6934
2.7403
2.7403
2.6934
2.7403
2.6934
2.6934
2.9277
2.6934
2.6934
31.4548
2.6466
2.7403
17.5425
2.5529
2.7403
2.7403
2.7403
2.7403
2.6934
2.6934
2.7871
2.7403
2.7403
2.7403
2.6466
2.7871
2.5998
2.7403
2.6934
2.6934
2.7403
2.6466
2.7403
33.6095
2.7871
2.6466
2.7403
2.7403
2.6466
2.8808
2.7871
2.7871
2.6934
2.7403
2.6934
2.6466
2.7403
2.7403
2.6934
52.6276
2.6466
2.7403
2.8808
2.7871
2.6934
2.7403
2.7403
2.7403
2.6934
2.7403
2.6466
2.7403
2.7403
30.1900
2.6466
2.5998
2.7403
2.7871
2.7871
2.7403
2.7403
34.1248
2.4124
2.7403
2.6466
2.4592
2.6466
2.7403
2.7871
39.3243
2.6934
2.7403
2.7403
