51.8630
51.8614
51.8612
51.8616
51.8624
51.8654
51.8676
51.8702
51.8733
51.8769
51.8810
51.8855
51.8905
51.8959
51.9019
51.9082
51.9224
51.9384
51.9472
51.9660
51.9762
51.9868
52.0602
52.0741
52.0885
52.1034
52.1187
52.1848
52.2393
52.2585
52.2782
52.2983
52.3189
52.3400
52.3616
52.3836
52.4062
52.4292
52.4528
52.5013
52.5263
52.5518
52.6313
52.6868
52.7153
52.8654
52.9616
53.0282
53.0624
53.0970
53.1322
53.3159
53.3542
53.3930
53.4324
53.4724
53.5539
53.5741
53.5329
53.4921
53.4123
53.3731
53.2965
53.2590
53.2220
53.1855
53.1142
53.0792
52.9449
52.9126
52.8808
52.8495
52.8187
52.7884
52.7007
52.5907
52.5387
52.5135
52.4644
52.3722
52.3505
52.3291
52.3083
52.2487
52.2297
52.1933
52.1424
52.1264
52.0957
52.0811
52.0670
52.0274
52.0034
51.9921
51.9427
51.9342
51.9262
51.9116
51.9049
51.8988
51.8879
51.8789
51.8750
51.8717
51.8688
51.8664
51.8629
51.8619
51.8613
51.8613
51.8616
51.8655
51.8736
51.8813
51.9023
51.9087
51.9478
51.9570
51.9768
51.9875
52.0101
52.0347
52.0477
52.0611
52.1043
52.1355
52.1519
52.2406
52.2794
52.2996
52.3630
52.3850
52.4076
52.4307
52.4543
52.4783
52.5535
52.5795
52.6060
52.7172
52.7462
52.8058
52.8363
52.8674
52.9311
52.9637
53.0304
53.0646
53.2064
53.2432
53.2805
53.3567
53.4350
53.4750
53.5155
53.5981
53.6403
53.6829
53.6556
53.5714
53.4895
53.4097
53.3706
53.2941
53.2566
53.2196
53.0770
52.9756
52.9428
52.9105
52.8787
52.8168
52.7865
52.7568
52.7276
52.6989
52.6706
52.6429
52.6157
52.5371
52.4871
52.4629
52.4391
52.3931
52.3709
52.3491
52.3278
52.3070
52.2867
52.2668
52.2474
52.1747
52.1414
52.1098
52.0948
52.0802
52.0525
52.0266
52.0144
52.0026
51.9914
51.9703
51.9604
51.9510
51.9421
51.9337
51.9257
51.9111
51.9045
51.8876
51.8829
51.8748
51.8715
51.8686
51.8663
51.8643
51.8629
51.8618
51.8613
51.8613
51.8625
51.8638
51.8656
51.8815
51.8967
51.9027
51.9091
51.9313
51.9483
51.9673
51.9775
51.9882
51.9993
52.0109
52.0355
52.0485
52.0904
52.1053
51.6353
51.6361
51.6373
51.6390
51.6412
51.6506
51.6546
51.6591
51.6958
51.7297
51.7393
51.7494
51.7944
51.8331
51.8469
51.8760
51.8913
51.9232
51.9570
51.9747
51.9928
52.0114
52.0305
52.0906
52.1116
52.1331
52.1775
52.2478
52.2722
52.3484
52.3748
52.4290
52.4569
52.4853
52.6038
52.6980
52.7304
52.7968
52.8308
52.8653
52.9003
52.9358
52.9719
53.0832
53.1600
53.1993
53.2390
53.4034
53.4242
53.3820
53.3403
53.2993
53.2587
53.1792
53.0266
52.9897
52.9534
52.8824
52.6500
52.6189
52.4993
52.4707
52.4426
52.4150
52.3612
52.3351
52.3095
52.2843
52.2355
52.1886
52.1219
52.1007
52.0799
52.0597
52.0399
51.9834
51.9655
51.8988
51.8683
51.8538
51.8129
51.7881
51.7651
51.7441
51.7342
51.7248
51.7075
51.6784
51.6723
51.6615
51.6453
51.6425
51.6400
51.6356
51.6349
51.6353
51.6414
51.6508
51.6549
51.6594
51.6758
51.6822
51.7041
51.7399
51.7500
51.7717
51.7832
51.7952
51.8205
51.8340
51.8478
51.8622
51.8770
51.8923
51.9080
51.9582
52.0126
52.1344
52.2493
52.2738
52.2987
52.3241
52.3501
52.5454
52.6367
52.6681
52.7326
52.7990
52.8330
52.9026
52.9742
53.0108
53.0856
53.1238
53.1625
53.2018
53.2819
53.3642
53.4062
53.3377
53.2966
53.2161
53.0615
52.9874
52.9511
52.9154
52.8801
52.8454
52.8112
52.7444
52.7117
52.6796
52.6480
52.5863
52.4975
52.3334
52.3078
52.2581
52.2340
52.1871
52.1644
52.0993
52.0786
52.0386
52.0193
52.0005
51.9822
51.9644
51.9470
51.9137
51.8823
51.8528
51.8388
51.8252
51.8121
51.7995
51.7873
51.7756
51.7644
51.6990
51.6915
51.6845
51.6719
51.6612
51.6564
51.6522
51.6484
51.6380
51.6365
51.6350
51.6349
51.6353
51.6362
51.6415
51.6551
51.6597
51.6895
51.7309
51.7405
51.7613
51.8214
51.8487
51.4252
51.4252
51.4262
51.4292
51.4492
51.4541
51.4596
51.4717
51.4785
51.5194
51.5391
51.5605
51.5720
51.5962
51.6224
51.6805
51.7636
51.8001
51.8191
51.8386
51.8790
51.8999
51.9655
51.9884
52.0117
52.0355
52.0598
52.1099
52.1620
52.2160
52.2438
52.2721
52.3598
52.3901
52.4209
52.5163
52.5491
52.5824
52.6506
52.6854
52.7932
52.9056
52.9832
53.0228
53.0629
53.1036
53.2072
53.1237
53.0828
53.0424
52.9244
52.8861
52.8484
52.7745
52.7027
52.6330
52.5989
52.5653
52.5323
52.4677
52.3746
52.3151
52.2576
52.2296
52.2021
52.1751
52.1486
52.1225
52.0970
52.0720
52.0474
51.9998
51.9766
51.9540
51.8891
51.8094
51.7905
51.7723
51.7545
51.7039
51.6727
51.6577
51.6431
51.6025
51.5777
51.5661
51.5549
51.5441
51.5339
51.5147
51.5058
51.4974
51.4821
51.4684
51.4624
51.4567
51.4469
51.4426
51.4388
51.4356
51.4327
51.4303
51.4284
51.4268
51.4259
51.4253
51.4252
51.4255
51.4264
51.4343
51.4374
51.4409
51.4449
51.4496
51.4600
51.4659
51.4722
51.4791
51.5022
51.5200
51.5296
51.5397
51.5727
51.5847
51.6099
51.6371
51.6515
51.6662
51.6815
51.7828
51.8803
51.9013
51.9227
51.9446
51.9670
52.0132
52.0863
52.1374
52.1637
52.1905
52.2178
52.2739
52.3618
52.3921
52.4542
52.5846
52.6184
52.6528
52.7231
52.7591
52.8325
52.8700
52.9080
53.1062
53.1475
53.2316
53.2044
53.1210
53.0398
52.9606
52.8460
52.8088
52.7721
52.5967
52.5632
52.5301
52.4976
52.4341
52.3427
52.3132
52.2842
52.2278
52.2003
52.1733
52.1468
52.1208
52.0703
52.0458
51.9981
51.9525
51.9304
51.8877
51.8273
51.8080
51.7894
51.7533
51.7361
51.7193
51.6871
51.6716
51.6422
51.6282
51.5770
51.5653
51.5332
51.4890
51.4816
51.4745
51.4680
51.4620
51.4513
51.4386
51.4353
51.4324
51.4282
51.4253
51.4255
51.4264
51.4345
51.4376
51.4413
51.4453
51.4499
51.4602
51.4794
51.5303
51.5404
51.6242
51.6672
51.6825
51.2335
51.2323
51.2318
51.2320
51.2328
51.2406
51.2436
51.2556
51.2718
51.2920
51.2997
51.3079
51.3256
51.3452
51.3556
51.3666
51.3899
51.4021
51.4150
51.4419
51.4561
51.4708
51.4860
51.5688
51.5868
51.6052
51.6241
51.6435
51.6634
51.6837
51.7045
51.7258
51.7476
51.7700
51.9139
51.9395
51.9923
52.0472
52.1040
52.1331
52.1629
52.1930
52.2236
52.2864
52.3187
52.3513
52.3845
52.4182
52.4524
52.5224
52.5581
52.5945
52.6313
52.6686
52.7064
52.7838
52.8633
52.9863
53.0285
52.9651
52.9238
52.8428
52.7639
52.7253
52.6495
52.5759
52.5044
52.4694
52.4010
52.3346
52.2388
52.2080
52.1776
52.1183
52.0894
52.0331
52.0057
51.9787
51.8760
51.8516
51.7585
51.7365
51.7149
51.6937
51.6731
51.6334
51.5774
51.5597
51.5424
51.5257
51.5093
51.4632
51.4488
51.4349
51.4213
51.3958
51.3720
51.3609
51.3400
51.3209
51.2883
51.2814
51.2453
51.2419
51.2348
51.2334
51.2324
51.2316
51.2328
51.2342
51.2381
51.2408
51.2438
51.2474
51.2559
51.2608
51.2853
51.3003
51.3085
51.3263
51.3459
51.3673
51.3788
51.4030
51.4718
51.5353
51.5523
51.5699
51.5878
51.6064
51.6448
51.6851
51.7715
51.7942
51.8176
51.8903
51.9941
52.0214
52.0490
52.0771
52.2569
52.3208
52.4204
52.5605
52.6710
52.8259
52.8658
52.9474
52.9891
53.0313
53.0043
52.9211
52.8804
52.8402
52.8005
52.6847
52.6471
52.5736
52.5376
52.5021
52.3988
52.3654
52.2682
52.2368
52.2060
52.1756
52.1457
52.0591
52.0039
51.9506
51.9247
51.8261
51.8025
51.7570
51.7350
51.7135
51.6925
51.6131
51.5414
51.5245
51.5083
51.4924
51.4772
51.4339
51.4205
51.3950
51.3602
51.3392
51.3296
51.3115
51.3031
51.2953
51.2879
51.2810
51.2576
51.2488
51.2451
51.2417
51.2390
51.2347
51.2317
51.2316
51.2321
51.2342
51.2360
51.2382
51.2441
51.2476
51.2563
51.2612
51.2667
51.2726
51.2790
51.2858
51.3009
51.3177
51.3269
51.3365
51.3466
51.3681
51.3794
51.4166
51.4299
51.4581
51.0558
51.0548
51.0542
51.0552
51.0582
51.0603
51.0629
51.0695
51.0780
51.0883
51.0941
51.1004
51.1220
51.1301
51.1387
51.1672
51.1777
51.1999
51.2637
51.2778
51.2924
51.3075
51.3391
51.3556
51.3726
51.4079
51.4452
51.5046
51.5466
51.5683
51.5905
51.6600
51.6842
51.7595
51.7856
51.8392
51.8949
51.9234
52.0122
52.1053
52.1374
52.1700
52.2030
52.3053
52.3405
52.3761
52.5622
52.6009
52.6402
52.8028
52.8232
52.7815
52.5425
52.5045
52.4670
52.3937
52.3225
52.2875
52.2531
52.1209
52.0578
51.9670
51.9089
51.8806
51.8527
51.7722
51.7465
51.7210
51.6719
51.6245
51.5791
51.5356
51.5146
51.4941
51.4740
51.3986
51.3810
51.3638
51.3308
51.3150
51.2704
51.2431
51.2301
51.2055
51.1940
51.1828
51.1722
51.1620
51.1430
51.1179
51.0971
51.0910
51.0803
51.0757
51.0714
51.0615
51.0572
51.0541
51.0553
51.0631
51.0783
51.0886
51.0945
51.1008
51.1076
51.1148
51.1225
51.1306
51.1483
51.1893
51.2007
51.2248
51.2376
51.2788
51.2934
51.3085
51.3241
51.3737
51.4091
51.4275
51.4658
51.4856
51.5059
51.5480
51.5697
51.5920
51.6379
51.6616
51.7104
51.7355
51.7873
51.8410
51.8967
51.9253
51.9545
52.0141
52.1721
52.2052
52.2388
52.2729
52.3427
52.3784
52.4146
52.4886
52.5263
52.7231
52.8206
52.7788
52.6972
52.6176
52.5400
52.5021
52.4647
52.3555
52.3201
52.2854
52.2509
52.2171
52.1839
52.1512
52.1189
52.0558
51.9651
51.9070
51.8788
51.8509
51.8236
51.7969
51.6703
51.6465
51.5776
51.5342
51.5133
51.4928
51.4728
51.4156
51.3460
51.3297
51.3140
51.2695
51.2293
51.2048
51.1715
51.1424
51.1336
51.1253
51.1174
51.0907
51.0851
51.0800
51.0712
51.0675
51.0614
51.0590
51.0571
51.0557
51.0542
51.0545
51.0553
51.0566
51.0584
51.0633
51.0664
51.0949
51.1080
51.1230
51.1312
51.1398
51.1685
51.1790
51.1900
51.2256
51.2385
50.8923
50.8926
50.8934
50.8946
50.8985
50.9011
50.9161
50.9210
50.9263
50.9384
50.9599
50.9856
50.9951
51.0154
51.0263
51.0494
51.0617
51.0744
51.1153
51.1604
51.1764
51.2097
51.2271
51.2450
51.2821
51.3014
51.3620
51.3832
51.4049
51.5203
51.5954
51.6214
51.6479
51.7304
51.8172
51.8776
51.9086
51.9400
51.9720
52.0045
52.0709
52.2100
52.2460
52.2826
52.3573
52.4733
52.5130
52.6354
52.6772
52.6559
52.5732
52.4928
52.4533
52.4144
52.3381
52.3008
52.2640
52.2277
52.1919
52.0875
52.0206
51.9556
51.8927
51.8620
51.7729
51.7443
51.6611
51.6343
51.5571
51.5324
51.5080
51.4842
51.4379
51.3937
51.3513
51.3309
51.3109
51.2914
51.2538
51.1682
51.1524
51.1371
51.0807
51.0553
51.0318
50.9809
50.9638
50.9560
50.9416
50.9351
50.9291
50.9138
50.9095
50.8997
50.8954
50.8939
50.8929
50.8926
50.8964
50.8986
50.9043
50.9079
50.9164
50.9267
50.9388
50.9456
50.9528
50.9957
51.0057
51.0161
51.0270
51.0384
51.0502
51.0625
51.0752
51.1162
51.1308
51.1459
51.1614
51.1774
51.2108
51.2283
51.3026
51.3224
51.3846
51.4284
51.4511
51.4742
51.4978
51.5715
51.5971
51.6231
51.7042
51.7322
51.7607
51.7897
51.8192
51.8796
51.9106
51.9421
51.9741
52.0066
52.0396
52.0731
52.1071
52.1417
52.1767
52.2850
52.3979
52.4366
52.5967
52.6380
52.6116
52.4508
52.4119
52.3735
52.3357
52.0516
51.9858
51.9220
51.8601
51.8299
51.8003
51.7711
51.6865
51.6326
51.6064
51.5555
51.5307
51.5066
51.4365
51.3709
51.3500
51.3296
51.3097
51.2346
51.1670
51.1514
51.1213
51.0798
51.0545
51.0310
51.0199
50.9555
50.9412
50.9287
50.9181
50.9135
50.9023
50.8995
50.8938
50.8923
50.8935
50.8948
50.8988
50.9014
50.9122
50.9216
50.9270
50.9533
50.9691
50.9777
50.9964
51.0063
51.0168
51.0277
51.0391
51.0893
51.1030
51.1171
50.7475
50.7465
50.7461
50.7482
50.7520
50.7546
50.7576
50.7612
50.7652
50.7695
50.7744
50.7855
50.7918
50.8299
50.8389
50.8582
50.8687
50.9025
50.9683
50.9828
51.0455
51.0624
51.0798
51.0976
51.1158
51.1936
51.2143
51.2354
51.2570
51.3016
51.3246
51.3721
51.4216
51.4470
51.4729
51.4993
51.5263
51.5537
51.5816
51.6100
51.6681
51.6981
51.7283
51.7593
51.7907
51.8225
51.9212
52.0957
52.1321
52.1691
52.2446
52.2832
52.3223
52.3619
52.4020
52.4428
52.4840
52.5257
52.5043
52.4628
52.4219
52.3417
52.2635
52.2253
52.1503
52.1136
52.0773
51.9718
51.9377
51.9041
51.8709
51.7746
51.7435
51.6828
51.6531
51.6240
51.5673
51.5396
51.5125
51.4858
51.4597
51.4088
51.3841
51.2900
51.1832
51.1438
51.0708
51.0537
51.0370
51.0209
50.9900
50.9752
50.9609
50.9471
50.9337
50.9084
50.8964
50.8738
50.8342
50.7950
50.7886
50.7826
50.7630
50.7532
50.7509
50.7489
50.7459
50.7499
50.7614
50.7654
50.7698
50.7801
50.7989
50.8061
50.8138
50.8395
50.8489
50.8694
50.8802
50.9156
50.9415
51.0302
51.0809
51.1551
51.1950
51.2805
51.3031
51.3261
51.3497
51.3736
51.4232
51.4486
51.4747
51.5011
51.6407
51.6700
51.7304
51.7613
51.7927
51.9233
51.9572
51.9916
52.0266
52.0980
52.2091
52.3248
52.5284
52.5016
52.4193
52.3790
52.3391
52.2998
52.2610
52.1851
52.0750
51.9019
51.8041
51.7726
51.7109
51.6513
51.6222
51.5936
51.5655
51.5108
51.4841
51.4580
51.4323
51.3113
51.1819
51.1620
51.1426
51.1237
51.1052
51.0872
51.0526
50.9890
50.9743
50.9600
50.9329
50.9200
50.8957
50.8842
50.8731
50.8626
50.8428
50.8249
50.8166
50.8016
50.7946
50.7881
50.7628
50.7591
50.7559
50.7530
50.7507
50.7474
50.7459
50.7462
50.7483
50.7501
50.7523
50.7581
50.7616
50.7805
50.7863
50.7926
50.8143
50.8496
50.8595
50.8700
50.9041
50.9291
50.9559
50.9846
50.6154
50.6147
50.6151
50.6209
50.6301
50.6340
50.6384
50.6544
50.6606
50.6821
50.7170
50.7269
50.7832
50.8225
50.8366
50.8511
50.8660
50.9137
50.9654
50.9838
51.0216
51.0413
51.0819
51.1030
51.1245
51.1465
51.1691
51.1920
51.2154
51.2638
51.3662
51.3931
51.4482
51.5053
51.5347
51.5645
51.6255
51.6886
51.7209
51.7870
51.8207
51.8899
51.9610
51.9975
52.0344
52.1097
52.1482
52.1871
52.2667
52.3899
52.2865
52.2462
52.0903
52.0526
52.0155
51.9428
51.9072
51.8035
51.7369
51.7044
51.6408
51.6098
51.5792
51.5492
51.4906
51.4340
51.2759
51.1352
51.0921
51.0713
51.0509
51.0311
50.9928
50.9743
50.9563
50.9388
50.9217
50.9052
50.8734
50.8292
50.8154
50.7768
50.7649
50.7534
50.7424
50.7217
50.6780
50.6708
50.6638
50.6514
50.6458
50.6408
50.6198
50.6179
50.6154
50.6147
50.6172
50.6237
50.6268
50.6343
50.6387
50.6436
50.6548
50.6610
50.6678
50.6749
50.6906
50.6992
50.7082
50.7379
50.7840
50.7966
50.8233
50.8374
50.8520
50.8669
50.9666
50.9850
51.0425
51.0833
51.1480
51.2409
51.2653
51.3416
51.3680
51.3948
51.5366
51.5966
51.7892
51.8922
51.9276
51.9634
51.9999
52.0368
52.2292
52.3098
52.3510
52.3926
52.3659
52.3246
52.2436
52.2039
52.0502
52.0131
51.9765
51.9405
51.9049
51.8013
51.7678
51.6703
51.6078
51.5773
51.5178
51.4888
51.4602
51.3777
51.3250
51.2994
51.2744
51.2256
51.2019
51.1560
51.1338
51.1120
51.0700
51.0497
51.0298
50.9552
50.9207
50.8573
50.8283
50.8146
50.8013
50.7884
50.7641
50.7527
50.7311
50.7023
50.6703
50.6634
50.6358
50.6317
50.6280
50.6247
50.6220
50.6177
50.6148
50.6151
50.6160
50.6173
50.6212
50.6239
50.6305
50.6390
50.6440
50.6493
50.6615
50.6682
50.6754
50.6912
50.6997
50.7282
50.7975
50.8107
50.8243
50.8530
50.4989
50.5009
50.5026
50.5103
50.5138
50.5178
50.5222
50.5324
50.5510
50.5581
50.5657
50.6006
50.6428
50.6792
50.7199
50.7646
50.7805
50.8136
50.8854
50.9045
50.9442
50.9647
51.0072
51.0292
51.0745
51.1461
51.1710
51.1963
51.2752
51.3024
51.3302
51.8061
51.8419
51.8782
51.9523
51.9901
52.0285
52.0673
52.1467
52.1872
52.2282
52.2697
52.2073
52.0475
51.8962
51.8236
51.7531
51.6182
51.5224
51.4914
51.4609
51.4310
51.4015
51.3725
51.3440
51.3160
51.2615
51.2350
51.2090
51.1834
51.1583
51.0179
50.9962
50.9749
50.9542
50.9339
50.8947
50.8758
50.8220
50.8049
50.7884
50.7723
50.7416
50.6989
50.6604
50.6485
50.6370
50.6260
50.6155
50.6054
50.5957
50.5866
50.5778
50.5544
50.5475
50.5351
50.5296
50.5245
50.5199
50.5087
50.5059
50.5036
50.5017
50.4992
50.4986
50.4989
50.4997
50.5027
50.5049
50.5075
50.5141
50.5181
50.5225
50.5274
50.5327
50.5448
50.5662
50.5743
50.5828
50.5918
50.6111
50.6214
50.6323
50.6435
50.6552
50.6801
50.6932
50.7502
50.7656
50.7815
50.7979
50.8147
50.8320
50.8497
50.8866
50.9660
51.0306
51.0531
51.0760
51.0994
51.1726
51.1979
51.2501
51.3042
51.3320
51.3890
51.4480
51.4783
51.5090
51.5403
51.5720
51.6703
51.8084
51.8442
51.8805
51.9547
51.9926
52.0310
52.2308
52.2724
52.2046
52.1639
52.0841
52.0450
51.9309
51.8213
51.7509
51.7164
51.6491
51.5837
51.5518
51.5203
51.4894
51.4590
51.4291
51.3996
51.3707
51.3422
51.2333
51.2073
51.1818
51.1322
51.1081
51.0845
51.0165
50.9736
50.9528
50.9326
50.9128
50.8562
50.8208
50.8039
50.7874
50.7557
50.7406
50.6596
50.6477
50.6253
50.6148
50.5860
50.5613
50.5540
50.5347
50.5292
50.5118
50.4992
50.4986
50.5011
50.5050
50.5108
50.5228
50.5277
50.5519
50.5591
50.5667
50.5834
50.6118
50.6221
50.6330
50.6682
50.6940
50.7076
50.7362
50.3973
50.3977
50.3984
50.3997
50.4013
50.4091
50.4126
50.4165
50.4209
50.4258
50.4311
50.4368
50.4430
50.4568
50.4644
50.4724
50.4992
50.5193
50.5301
50.5413
50.5529
50.6326
50.6629
50.6787
50.6950
50.7117
50.7289
50.7466
50.7648
50.7834
50.8025
50.8220
50.8420
50.9050
50.9493
50.9721
51.0937
51.1457
51.1724
51.2555
51.2841
51.3133
51.3430
51.4666
51.4988
51.5646
51.5982
51.7379
51.8109
51.8859
51.9630
52.0422
52.1235
52.1026
52.0218
51.8291
51.7922
51.7196
51.6149
51.5147
51.4505
51.3578
51.2985
51.2695
51.2411
51.1857
51.1063
51.0808
51.0071
50.9378
50.8728
50.8120
50.7927
50.7738
50.7201
50.6866
50.6550
50.6399
50.6252
50.5840
50.5712
50.5588
50.5469
50.4943
50.4765
50.4462
50.4398
50.4283
50.4145
50.4075
50.3977
50.3998
50.4062
50.4168
50.4212
50.4314
50.4372
50.4501
50.4573
50.4729
50.4814
50.4998
50.5097
50.5308
50.5537
50.5659
50.6191
50.6336
50.6485
50.6639
50.6797
50.7301
50.7478
50.8639
50.8849
50.9064
50.9283
50.9507
50.9970
51.0209
51.0452
51.1474
51.2014
51.2573
51.2860
51.3152
51.3449
51.3751
51.4370
51.4686
51.5335
51.6004
51.6346
51.7046
51.7765
51.8883
52.0049
52.0448
52.0852
52.1261
52.1676
52.1000
52.0594
52.0192
51.9406
51.9021
51.8642
51.7534
51.7174
51.6128
51.5789
51.4803
51.4483
51.3861
51.3557
51.3260
51.2677
51.2393
51.2113
51.1840
51.1570
51.1306
51.1046
51.0792
51.0542
51.0297
51.0055
50.9820
50.9363
50.8507
50.8305
50.8107
50.7726
50.7364
50.7190
50.7020
50.6856
50.6540
50.6101
50.5462
50.5348
50.5133
50.5033
50.4937
50.4677
50.4599
50.4526
50.4458
50.4394
50.4335
50.4142
50.4073
50.4022
50.4003
50.3989
50.3977
50.3986
50.4016
50.4038
50.4131
50.4264
50.4318
50.4376
50.4734
50.4820
50.5004
50.5103
50.5207
50.5315
50.5667
50.5924
50.6060
50.6495
50.3110
50.3108
50.3132
50.3149
50.3226
50.3300
50.3344
50.3445
50.3503
50.3564
50.3702
50.3942
50.4031
50.4125
50.4326
50.4433
50.4909
50.5039
50.5174
50.5457
50.5606
50.5759
50.6080
50.6419
50.6595
50.6962
50.7153
50.7548
50.7753
50.7962
50.8176
50.8618
50.9808
51.0060
51.0317
51.0579
51.0846
51.1117
51.1675
51.1961
51.2850
51.3467
51.3783
51.4761
51.5438
51.5784
51.6135
51.6492
51.6853
51.7220
51.7591
51.7968
51.9131
51.9932
52.0340
52.0754
52.0542
52.0131
51.9725
51.9325
51.8930
51.8155
51.7032
51.5607
51.4924
51.4591
51.3621
51.3307
51.1531
51.1252
51.0978
51.0709
51.0445
51.0185
50.9931
50.9681
50.8729
50.8282
50.7853
50.7647
50.7247
50.7054
50.6866
50.5835
50.5680
50.5528
50.5382
50.5241
50.5103
50.4971
50.4843
50.4720
50.4601
50.4272
50.4172
50.4076
50.3897
50.3816
50.3737
50.3665
50.3596
50.3473
50.3321
50.3279
50.3242
50.3158
50.3139
50.3125
50.3108
50.3112
50.3120
50.3133
50.3150
50.3171
50.3197
50.3263
50.3303
50.3449
50.3635
50.3782
50.3863
50.3948
50.4131
50.4230
50.4441
50.4553
50.4670
50.4791
50.4917
50.5183
50.5616
50.5928
50.6090
50.6607
50.6788
50.6974
50.7165
50.8633
50.9095
50.9333
50.9824
51.0076
51.0596
51.0863
51.1135
51.1412
51.1693
51.1980
51.2272
51.2869
51.3176
51.4451
51.4782
51.5460
51.6158
51.6515
51.7244
51.7993
51.9156
52.0367
51.9699
51.8130
51.7377
51.7008
51.6286
51.5584
51.5241
51.4570
51.4241
51.2979
51.2676
51.2084
51.1796
51.1513
51.1234
51.0428
51.0168
50.9914
50.9665
50.9420
50.9180
50.7840
50.7633
50.7234
50.7042
50.6854
50.6318
50.6149
50.5985
50.5825
50.5232
50.5095
50.4963
50.4835
50.4593
50.4479
50.4265
50.4165
50.4070
50.3979
50.3810
50.3734
50.3592
50.3364
50.3114
50.3109
50.3109
50.3112
50.3173
50.3199
50.3230
50.3265
50.3305
50.3350
50.3399
50.3452
50.3510
50.3573
50.3640
50.3788
50.4043
50.4799
50.4925
50.5056
50.5192
50.5332
50.5626
50.2407
50.2390
50.2451
50.2581
50.2625
50.2783
50.3058
50.3138
50.3405
50.3503
50.3606
50.3825
50.4187
50.4317
50.4452
50.4735
50.4884
50.5524
50.6052
50.6428
50.6823
50.7236
50.7668
50.8120
50.8590
50.9079
50.9331
50.9588
51.0116
51.1230
51.1816
51.2733
51.3695
51.5047
51.5398
51.5754
51.6481
51.7997
51.8389
51.8786
51.9189
51.9597
52.0010
51.9799
51.9388
51.8583
51.8188
51.7799
51.7415
51.6662
51.6293
51.5571
51.5218
51.4870
51.4189
51.3856
51.3528
51.3205
51.2887
51.2266
51.1963
51.1665
51.1372
51.1083
51.0521
51.0248
50.9979
50.8953
50.8708
50.8233
50.8003
50.7555
50.7339
50.6522
50.6142
50.5780
50.5272
50.5112
50.4957
50.4806
50.4660
50.4519
50.4249
50.3880
50.3766
50.3552
50.3451
50.3264
50.3177
50.3096
50.3018
50.2946
50.2877
50.2698
50.2648
50.2602
50.2523
50.2463
50.2420
50.2390
50.2393
50.2414
50.2431
50.2452
50.2676
50.2729
50.2916
50.3143
50.3228
50.3411
50.3509
50.3612
50.3720
50.3832
50.3949
50.4326
50.4600
50.4893
50.5047
50.5205
50.5367
50.5535
50.5707
50.5883
50.6064
50.6250
50.6441
50.6636
50.7464
50.7683
50.7906
50.8848
50.9095
50.9866
51.0133
51.0681
51.0962
51.1249
51.2442
51.3069
51.3716
51.4047
51.4383
51.5070
51.5420
51.5777
51.6138
51.6876
51.7635
51.8415
51.8812
51.9623
52.0037
51.9772
51.9362
51.7390
51.7011
51.6638
51.4848
51.3507
51.3184
51.2867
51.2554
51.2246
51.1646
51.0782
51.0504
51.0230
50.9962
50.9186
50.8692
50.8453
50.7987
50.7762
50.6908
50.6706
50.5947
50.5769
50.5262
50.4797
50.4651
50.4510
50.4373
50.4114
50.3872
50.3349
50.3090
50.3013
50.2941
50.2809
50.2750
50.2695
50.2645
50.2558
50.2521
50.2489
50.2438
50.2396
50.2390
50.2402
50.2415
50.2432
50.2511
50.2546
50.2586
50.2680
50.2733
50.2791
50.2853
50.2992
50.3233
50.3323
50.4078
50.4204
50.4335
50.4754
50.4903
50.1833
50.1816
50.1827
50.1877
50.1903
50.1968
50.2007
50.2051
50.2099
50.2209
50.2271
50.2337
50.2408
50.2647
50.2736
50.2830
50.2928
50.3137
50.3486
50.3611
50.3741
50.3876
50.4015
50.4460
50.4617
50.4946
50.5118
50.5294
50.5474
50.5660
50.5850
50.6448
50.6657
50.6870
50.8749
50.9267
50.9533
51.0360
51.0646
51.0936
51.1232
51.1532
51.2147
51.2783
51.3108
51.5165
51.6262
51.6638
51.7405
51.8194
51.9003
51.9416
51.9205
51.8390
51.7208
51.6824
51.6072
51.5340
51.4629
51.4282
51.2941
51.2619
51.2301
51.1988
51.1080
51.0500
50.9938
50.9133
50.8874
50.8620
50.8371
50.7887
50.7196
50.6976
50.6342
50.5944
50.5563
50.5202
50.4535
50.4380
50.4230
50.4084
50.3806
50.3423
50.3190
50.2976
50.2780
50.2603
50.2521
50.2443
50.2303
50.2239
50.2124
50.2074
50.2028
50.1889
50.1866
50.1822
50.1816
50.1878
50.1970
50.2010
50.2054
50.2101
50.2213
50.2412
50.2488
50.2568
50.2653
50.2934
50.3037
50.3144
50.3256
50.3373
50.3750
50.4024
50.4317
50.4790
50.4957
50.5305
50.5486
50.5672
50.5862
50.6057
50.6257
50.6461
50.6670
50.8024
50.9022
50.9822
51.0098
51.0379
51.0664
51.0955
51.1251
51.1552
51.1857
51.3459
51.3795
51.4135
51.4481
51.5915
51.6286
51.6662
51.7822
51.8622
51.9178
51.8768
51.8364
51.7965
51.7571
51.7182
51.6799
51.6048
51.5680
51.5317
51.4959
51.4260
51.3917
51.2598
51.2281
51.1359
51.0481
51.0198
50.9921
50.9648
50.9379
50.9116
50.8355
50.7872
50.7637
50.7407
50.6535
50.5931
50.5739
50.5552
50.5369
50.5191
50.5017
50.4849
50.4525
50.4370
50.4220
50.3933
50.3538
50.3415
50.3297
50.2970
50.2774
50.2597
50.2515
50.2438
50.2298
50.2235
50.1915
50.1846
50.1816
50.1858
50.1880
50.1906
50.1937
50.1972
50.2012
50.2057
50.2159
50.2346
50.2417
50.2574
50.2748
50.2842
50.2941
50.3152
50.3502
50.3628
50.3758
50.3893
50.4033
50.4177
50.1386
50.1396
50.1446
50.1472
50.1502
50.1537
50.1576
50.1840
50.1977
50.2052
50.2132
50.2216
50.3054
50.3179
50.3309
50.3443
50.3726
50.4027
50.4513
50.4684
50.4860
50.5226
50.6013
50.6222
50.6435
50.6653
50.6876
50.7573
50.7815
50.8313
50.8830
50.9642
50.9922
51.0208
51.0793
51.1093
51.1398
51.2023
51.2343
51.2668
51.3332
51.4017
51.4367
51.5083
51.5819
51.6194
51.6575
51.6961
51.7353
51.8151
51.8558
51.8760
51.7153
51.6765
51.6381
51.6003
51.5630
51.4541
51.4189
51.3499
51.2502
51.1862
51.1243
51.0940
50.9780
50.8697
50.8438
50.7936
50.7692
50.7218
50.6988
50.6762
50.6541
50.6115
50.5909
50.5510
50.4770
50.4596
50.4427
50.3948
50.3798
50.3374
50.3242
50.2992
50.2873
50.2760
50.2650
50.2546
50.2446
50.2172
50.2090
50.1940
50.1871
50.1693
50.1519
50.1486
50.1458
50.1435
50.1416
50.1401
50.1391
50.1397
50.1426
50.1474
50.1504
50.1539
50.1623
50.1671
50.1724
50.1844
50.1981
50.2057
50.2137
50.2222
50.2311
50.2404
50.2503
50.2605
50.3318
50.3884
50.4037
50.4357
50.4872
50.5052
50.5822
50.6027
50.6668
50.6891
50.7588
50.7831
50.8847
50.9384
50.9941
51.0517
51.1113
51.1728
51.2363
51.2689
51.3019
51.3354
51.4040
51.4390
51.5843
51.6219
51.6987
51.7775
51.8733
51.8324
51.7521
51.7128
51.6739
51.6357
51.5606
51.5238
51.4518
51.3819
51.3477
51.2808
51.2159
51.1530
51.0921
51.0331
50.9211
50.8680
50.8422
50.8168
50.7920
50.7676
50.6972
50.6747
50.5498
50.5119
50.4758
50.4416
50.3938
50.3788
50.3643
50.3234
50.3107
50.2984
50.2643
50.2539
50.2439
50.2344
50.2085
50.2008
50.1935
50.1804
50.1744
50.1690
50.1594
50.1516
50.1484
50.1457
50.1433
50.1415
50.1391
50.1386
50.1385
50.1389
50.1397
50.1410
50.1427
50.1449
50.1476
50.1626
50.1728
50.1848
50.1986
50.2142
50.2720
50.2832
50.3070
50.3196
50.3461
50.3601
50.3745
50.3894
45.0581
45.0680
45.0721
45.0746
45.2688
45.2772
45.2839
45.3016
45.3869
50.2018
50.2646
50.2892
50.3022
50.3295
50.3739
50.3897
50.4225
50.4396
50.4752
50.4938
50.5127
50.5322
50.5521
50.5933
50.6587
50.6814
50.7283
50.7525
50.7771
50.8023
50.8279
50.8540
50.9917
51.0501
51.1416
51.3039
51.3379
51.3724
51.4429
51.4789
51.5524
51.6666
51.7057
51.8262
51.8674
51.8054
51.7650
51.7252
51.6858
51.6469
51.4604
51.4248
51.3894
51.3547
51.3205
51.2868
51.1569
51.1258
51.0951
50.9771
50.9210
50.8937
50.8670
50.7401
50.6699
50.6252
50.6037
50.5826
50.5419
50.5222
50.5030
50.4842
50.4660
50.4482
50.4139
50.3975
50.3661
50.3365
50.2955
50.2705
50.2586
50.2473
50.2159
50.2063
50.1886
45.0863
45.0810
45.0771
45.0738
45.0709
45.0632
45.0591
45.0561
45.0549
45.0547
45.0550
45.0556
45.0567
45.0601
45.0681
45.0748
45.2696
45.2687
45.2689
45.2754
45.2932
45.3023
44.9155
45.3717
45.3879
50.1936
50.2025
50.2119
50.2216
50.2319
50.2426
50.2538
50.2654
50.3304
50.3596
50.3749
50.4069
50.4236
50.4583
50.4950
50.5334
50.5534
50.5738
50.5947
50.6601
50.6829
50.7299
50.7788
50.8039
50.8557
50.8823
50.9094
50.9650
51.0226
51.0521
51.1126
51.1436
51.3061
51.3401
51.3746
51.4452
51.5178
51.5548
51.5924
51.6305
51.6691
51.7479
51.7881
51.8701
51.6062
51.5311
51.4944
51.4225
51.3872
51.3184
51.2516
51.2189
51.1238
51.0629
51.0332
51.0040
50.9470
50.9193
50.8921
50.8389
50.7385
50.7148
50.6683
50.6458
50.6238
50.6023
50.5209
50.5018
50.4297
50.3965
50.3651
50.3501
50.3215
50.2357
50.1880
45.0857
45.0807
45.0770
45.0653
45.0630
45.0560
45.0550
45.0550
45.0557
45.0584
45.0602
45.0652
45.0683
45.0701
45.0723
45.2756
45.3111
44.9159
45.3888
50.1941
50.2031
50.2124
50.2222
50.2783
50.3039
50.3313
50.3457
45.0187
45.0256
45.0297
45.0390
45.0443
45.0543
45.2134
45.2122
45.2132
45.1041
45.2540
45.2668
45.2799
45.2933
50.1786
50.1968
50.2503
50.2623
50.2878
50.3013
50.3151
50.3596
50.3753
50.4793
50.4983
50.5377
50.5580
50.5789
50.6220
50.6442
50.7139
50.7627
50.7878
50.8134
50.8660
50.8931
50.9206
51.0356
51.1585
51.1904
51.2893
51.3233
51.3927
51.4642
51.5377
51.6133
51.7708
51.8114
51.8526
51.7907
51.7104
51.6322
51.5938
51.5560
51.5188
51.3749
51.3058
51.2723
51.2391
51.2063
51.1740
51.1423
51.0503
51.0205
50.7501
50.7257
50.7017
50.6554
50.6108
50.5682
50.5078
50.3996
50.3672
50.3517
50.3080
50.2943
50.2812
50.2684
50.2561
50.2443
50.2329
50.2220
50.2016
50.1829
50.1743
45.0086
45.0078
45.0073
44.8583
44.9951
45.0098
45.0136
45.0160
45.0222
45.0300
45.0447
45.0504
45.0545
45.2128
45.2122
45.2115
45.2134
45.1037
45.2431
45.2676
45.2941
50.1792
50.2073
50.2175
50.2394
50.2511
50.2757
50.2887
50.3763
50.4092
50.4264
50.4620
50.4806
50.5190
50.5802
50.6016
50.6457
50.6685
50.6917
50.7643
50.7894
50.8150
50.9224
50.9790
51.0375
51.0675
51.0980
51.1925
51.2580
51.2915
51.3255
51.3600
51.4305
51.4666
51.6544
51.6935
51.7734
51.8140
51.8553
51.8288
51.7078
51.6684
51.6296
51.5537
51.5164
51.4435
51.3725
51.2701
51.2369
51.2041
51.1721
51.1403
51.1091
51.0483
51.0187
50.9894
50.9608
50.9047
50.7987
50.7002
50.6538
50.6314
50.6094
50.5879
50.5065
50.4874
50.4686
50.4326
50.4153
50.3071
50.2803
50.2676
50.2109
50.2009
50.1914
50.1737
45.0144
45.0098
45.0086
45.0078
45.0073
44.8938
44.8665
45.0011
45.0099
45.0116
45.0137
45.0162
45.0191
45.0348
45.0397
45.0451
45.0549
45.2124
45.2116
45.0907
45.2438
45.2950
50.1797
50.1981
50.2402
50.2518
50.2639
50.3170
50.3314
50.3462
50.0973
50.0963
50.0956
50.0959
50.0979
50.0996
50.1017
50.1043
44.9828
44.9899
45.0017
45.0052
50.1410
50.1476
50.1622
50.1702
50.1786
50.1875
50.1968
50.3151
50.3295
50.3443
50.3596
50.3753
50.3915
50.4081
50.4428
50.4793
50.5178
50.5789
50.6670
50.6902
50.7139
50.7380
50.7878
50.8134
50.9206
50.9771
51.0061
51.0356
51.0656
51.0960
51.1270
51.1584
51.2558
51.3577
51.3927
51.4642
51.7306
51.8114
51.8526
51.7502
51.6710
51.6321
51.4457
51.3748
51.3401
51.3059
51.2389
51.2062
51.1740
51.1423
51.0804
51.0502
51.0205
50.9912
50.9625
50.9342
50.8792
50.8002
50.7749
50.7500
50.7256
50.6783
50.5892
50.5274
50.4338
50.3831
50.3367
50.3221
50.3080
50.2811
50.2684
50.2561
50.2329
50.2220
50.2116
50.1920
50.1661
50.1583
50.1510
50.1378
44.8526
44.8516
46.9846
50.1006
50.0972
50.0962
50.0968
50.0997
50.1019
44.9832
50.1481
50.1552
50.1627
50.1792
50.1881
50.2282
50.2394
50.2511
50.2631
50.2757
50.3021
50.3161
50.3304
50.3606
50.4092
50.4264
50.4620
50.4806
50.4996
50.5190
50.5594
50.6234
50.6685
50.6917
50.7154
50.7643
50.8411
50.8678
50.8948
50.9790
51.0080
51.1925
51.2580
51.2915
51.3600
51.3950
51.4305
51.6158
51.6544
51.6935
51.8288
51.6684
51.5914
51.5164
51.4796
51.3378
51.3037
51.2368
51.1720
51.1091
51.0784
51.0483
50.9607
50.9324
50.8774
50.8507
50.7733
50.7002
50.6538
50.6314
50.6094
50.5668
50.5462
50.5261
50.4686
50.4504
50.4326
50.3985
50.3821
50.3507
50.3357
50.3071
50.2935
50.2676
50.2553
50.2436
50.2213
50.2109
50.1506
50.1374
44.8533
44.8525
44.8425
50.0972
50.0957
50.0956
50.0960
50.0968
50.0981
50.0998
50.1046
44.9838
44.9908
45.0020
45.0039
50.1418
50.1556
50.1713
50.1981
50.2079
50.2182
50.2402
50.2639
50.2765
50.3030
50.3170
50.3314
50.3462
27.7050
27.7052
27.7054
27.7061
27.7063
27.7066
27.7073
27.7080
27.7086
27.7088
27.7090
27.7095
27.7097
27.7098
27.7102
27.7105
27.7108
27.7109
27.7111
27.7112
27.7116
27.7117
27.7118
27.7119
27.7122
27.7123
27.7124
27.7125
27.7127
27.7129
27.7133
27.7135
27.7136
27.7136
27.7139
27.7141
27.7145
27.7148
27.7147
27.7156
27.7158
27.7158
27.7159
27.7163
27.7164
27.7170
27.7170
27.7173
27.7174
27.6922
27.6922
27.6924
27.6927
27.6929
27.6930
27.6932
27.6933
27.6937
27.6940
27.6941
27.6942
27.6949
27.6952
27.6954
27.6961
27.6963
27.6967
27.6970
27.6972
27.6975
27.6976
27.6978
27.6978
27.6984
27.6984
27.6985
27.6987
27.6990
27.6991
27.6996
27.7001
27.7003
27.7005
27.7008
27.7015
27.7017
27.7022
27.7027
27.7029
27.7032
27.7033
27.7034
27.7038
27.7043
27.7045
27.7046
27.7050
27.7054
27.7053
27.7058
27.7061
27.7063
27.7065
27.7066
27.7070
27.7077
27.7078
27.7082
27.7084
27.7088
27.7091
27.7094
27.7101
27.7105
27.7108
27.7110
27.7114
27.7115
27.7116
27.7118
27.7120
27.7125
27.7126
27.7128
27.7130
27.7132
27.7134
27.7137
27.7138
27.7140
27.7143
27.7148
27.7147
27.7150
27.7153
27.7155
27.7157
27.7159
27.7165
27.7170
27.7171
27.7173
27.7175
27.7176
27.7176
27.6915
27.6916
27.6919
27.6923
27.6924
27.6927
27.6929
27.6931
27.6931
27.6938
27.6941
27.6941
27.6947
27.6949
27.6955
27.6958
27.6962
27.6965
27.6973
27.6978
27.6980
27.6991
27.6991
27.6995
27.6997
27.6996
27.7000
27.7001
27.7005
27.7006
27.7009
27.7011
27.7013
27.7022
27.7025
27.7027
27.7029
27.7030
27.7033
27.7035
27.7035
27.7039
27.7041
27.7045
27.7047
27.7046
27.7050
27.7053
27.7053
27.7057
27.7060
27.7065
27.7066
27.7070
27.7072
27.7072
27.7076
27.7089
27.7089
27.7090
27.7101
27.7103
16.6210
16.6211
16.6211
16.6213
16.6215
16.6216
16.6216
16.6217
16.6217
16.6218
16.6218
16.6219
16.6221
16.6221
16.6223
16.6223
16.6223
16.6225
16.6226
16.6228
16.6230
16.6230
16.6231
16.6232
16.6232
16.6235
16.6235
16.6235
16.6236
16.6237
16.6236
16.6239
16.6240
16.6241
16.6241
16.6243
16.6243
16.6245
16.6245
16.6245
16.6246
16.6246
16.6248
16.6249
16.6249
16.6251
16.6251
16.6252
16.6255
16.6255
16.6255
16.6255
16.6163
16.6163
16.6164
16.6165
16.6166
16.6166
16.6167
16.6168
16.6169
16.6171
16.6172
16.6173
16.6174
16.6175
16.6176
16.6178
16.6179
16.6179
16.6181
16.6182
16.6183
16.6184
16.6184
16.6184
16.6187
16.6188
16.6190
16.6192
16.6192
16.6194
16.6194
16.6194
16.6195
16.6197
16.6198
16.6201
16.6203
16.6204
16.6204
16.6205
16.6207
16.6206
16.6210
16.6209
16.6211
16.6212
16.6211
16.6212
16.6216
16.6216
16.6219
16.6219
16.6219
16.6220
16.6222
16.6224
16.6226
16.6227
16.6228
16.6229
16.6228
16.6230
16.6231
16.6233
16.6232
16.6234
16.6237
16.6237
16.6237
16.6237
16.6239
16.6238
16.6239
16.6239
16.6241
16.6241
16.6243
16.6243
16.6245
16.6247
16.6247
16.6249
16.6249
16.6251
16.6252
16.6253
16.6253
16.6254
16.6255
16.6254
16.6257
16.6161
16.6163
16.6165
16.6164
16.6167
16.6167
16.6169
16.6170
16.6170
16.6170
16.6171
16.6171
16.6173
16.6175
16.6175
16.6176
16.6176
16.6178
16.6180
16.6182
16.6185
16.6187
16.6187
16.6188
16.6189
16.6189
16.6192
16.6193
16.6194
16.6193
16.6195
16.6197
16.6198
16.6200
16.6200
16.6201
16.6203
16.6204
16.6204
16.6205
16.6205
16.6205
16.6208
16.6208
16.6209
16.6210
16.6210
16.6211
16.6213
16.6213
16.6215
16.6219
16.6219
16.6219
16.6221
16.6222
16.6223
16.6222
16.6224
16.6225
16.6225
16.6225
16.6226
16.6229
11.8740
11.8739
11.8739
11.8741
11.8741
11.8742
11.8742
11.8742
11.8743
11.8743
11.8744
11.8744
11.8745
11.8746
11.8747
11.8747
11.8748
11.8748
11.8749
11.8748
11.8749
11.8749
11.8750
11.8750
11.8751
11.8750
11.8752
11.8753
11.8753
11.8752
11.8754
11.8755
11.8756
11.8756
11.8757
11.8757
11.8760
11.8759
11.8760
11.8759
11.8760
11.8760
11.8761
11.8760
11.8761
11.8762
11.8762
11.8715
11.8715
11.8716
11.8716
11.8717
11.8718
11.8719
11.8720
11.8720
11.8722
11.8721
11.8722
11.8722
11.8723
11.8722
11.8723
11.8723
11.8724
11.8724
11.8725
11.8725
11.8727
11.8728
11.8729
11.8729
11.8730
11.8730
11.8731
11.8731
11.8732
11.8732
11.8733
11.8734
11.8736
11.8736
11.8736
11.8737
11.8737
11.8738
11.8738
11.8738
11.8739
11.8739
11.8740
11.8742
11.8741
11.8743
11.8743
11.8745
11.8745
11.8746
11.8746
11.8747
11.8747
11.8747
11.8748
11.8748
11.8749
11.8748
11.8749
11.8750
11.8750
11.8750
11.8751
11.8750
11.8752
11.8752
11.8752
11.8753
11.8755
11.8755
11.8756
11.8756
11.8756
11.8756
11.8757
11.8758
11.8758
11.8757
11.8759
11.8759
11.8759
11.8761
11.8761
11.8761
11.8762
11.8762
11.8762
11.8762
11.8762
11.8715
11.8715
11.8715
11.8715
11.8716
11.8716
11.8716
11.8718
11.8718
11.8718
11.8719
11.8719
11.8721
11.8721
11.8721
11.8721
11.8722
11.8722
11.8724
11.8724
11.8724
11.8725
11.8725
11.8725
11.8726
11.8727
11.8728
11.8729
11.8729
11.8729
11.8729
11.8729
11.8730
11.8731
11.8732
11.8733
11.8733
11.8734
11.8735
11.8735
11.8735
11.8735
11.8736
11.8736
11.8737
11.8737
11.8737
11.8739
11.8739
11.8740
11.8741
11.8742
11.8742
11.8743
11.8743
11.8743
11.8744
11.8745
11.8745
11.8745
11.8745
11.8745
11.8746
11.8746
11.8746
11.8747
11.8747
11.8748
11.8748
11.8749
9.2381
9.2382
9.2382
9.2382
9.2383
9.2383
9.2384
9.2384
9.2384
9.2384
9.2384
9.2385
9.2385
9.2386
9.2386
9.2386
9.2386
9.2386
9.2386
9.2387
9.2387
9.2386
9.2388
9.2388
9.2389
9.2388
9.2389
9.2390
9.2390
9.2390
9.2390
9.2390
9.2391
9.2391
9.2393
9.2392
9.2392
9.2393
9.2393
9.2394
9.2394
9.2394
9.2394
9.2395
9.2395
9.2395
9.2395
9.2395
9.2366
9.2366
9.2367
9.2367
9.2368
9.2368
9.2368
9.2368
9.2369
9.2368
9.2370
9.2370
9.2370
9.2370
9.2371
9.2371
9.2371
9.2371
9.2371
9.2372
9.2372
9.2372
9.2372
9.2372
9.2373
9.2373
9.2374
9.2374
9.2374
9.2375
9.2375
9.2375
9.2375
9.2375
9.2376
9.2377
9.2377
9.2377
9.2378
9.2377
9.2378
9.2378
9.2379
9.2379
9.2379
9.2379
9.2379
9.2381
9.2380
9.2382
9.2382
9.2381
9.2382
9.2382
9.2383
9.2383
9.2383
9.2383
9.2384
9.2384
9.2384
9.2384
9.2384
9.2386
9.2385
9.2386
9.2386
9.2387
9.2386
9.2386
9.2387
9.2387
9.2388
9.2387
9.2388
9.2388
9.2389
9.2389
9.2390
9.2389
9.2389
9.2389
9.2391
9.2391
9.2391
9.2391
9.2391
9.2391
9.2392
9.2393
9.2392
9.2393
9.2393
9.2393
9.2394
9.2394
9.2394
9.2395
9.2395
9.2395
9.2366
9.2367
9.2367
9.2368
9.2368
9.2368
9.2368
9.2369
9.2369
9.2369
9.2370
9.2369
9.2371
9.2370
9.2370
9.2371
9.2371
9.2371
9.2371
9.2371
9.2373
9.2372
9.2372
9.2373
9.2373
9.2372
9.2373
9.2374
9.2374
9.2375
9.2375
9.2375
9.2375
9.2375
9.2376
9.2377
9.2376
9.2376
9.2376
9.2376
9.2377
9.2377
9.2377
9.2378
9.2378
9.2378
9.2379
9.2379
9.2379
9.2380
9.2380
9.2380
9.2381
9.2382
9.2381
9.2382
9.2382
9.2381
9.2382
9.2383
9.2382
9.2383
9.2383
9.2384
9.2384
9.2384
9.2385
9.2385
9.2385
9.2386
9.2385
9.2386
9.2385
9.2386
9.2386
9.2387
9.2387
7.5617
7.5617
7.5617
7.5617
7.5617
7.5618
7.5618
7.5619
7.5618
7.5619
7.5619
7.5620
7.5620
7.5620
7.5620
7.5620
7.5621
7.5621
7.5621
7.5622
7.5621
7.5621
7.5623
7.5622
7.5623
7.5623
7.5623
7.5624
7.5623
7.5624
7.5624
7.5625
7.5625
7.5625
7.5626
7.5626
7.5626
7.5626
7.5626
7.5626
7.5626
7.5607
7.5607
7.5608
7.5608
7.5608
7.5608
7.5609
7.5609
7.5609
7.5609
7.5610
7.5610
7.5610
7.5610
7.5610
7.5611
7.5610
7.5611
7.5611
7.5611
7.5611
7.5612
7.5612
7.5611
7.5612
7.5612
7.5612
7.5612
7.5612
7.5613
7.5612
7.5613
7.5613
7.5614
7.5614
7.5614
7.5614
7.5614
7.5614
7.5615
7.5615
7.5615
7.5615
7.5616
7.5616
7.5616
7.5616
7.5616
7.5617
7.5617
7.5617
7.5617
7.5618
7.5617
7.5618
7.5618
7.5618
7.5619
7.5618
7.5619
7.5619
7.5619
7.5619
7.5620
7.5621
7.5620
7.5620
7.5621
7.5620
7.5620
7.5621
7.5620
7.5621
7.5620
7.5622
7.5622
7.5622
7.5623
7.5622
7.5622
7.5623
7.5622
7.5623
7.5623
7.5624
7.5624
7.5624
7.5624
7.5625
7.5624
7.5624
7.5625
7.5624
7.5626
7.5625
7.5625
7.5625
7.5626
7.5625
7.5626
7.5626
7.5626
7.5626
7.5626
7.5607
7.5607
7.5607
7.5608
7.5608
7.5608
7.5608
7.5608
7.5609
7.5609
7.5609
7.5610
7.5610
7.5610
7.5610
7.5611
7.5610
7.5611
7.5611
7.5611
7.5612
7.5612
7.5613
7.5612
7.5612
7.5613
7.5614
7.5613
7.5614
7.5614
7.5614
7.5615
7.5615
7.5616
7.5616
7.5616
7.5616
7.5616
7.5616
7.5616
7.5617
7.5617
7.5617
7.5618
7.5619
7.5618
7.5619
7.5618
7.5619
7.5619
7.5619
7.5619
7.5619
7.5619
7.5619
7.5620
7.5620
7.5620
7.5620
7.5621
7.5621
6.4018
6.4017
6.4018
6.4018
6.4018
6.4018
6.4019
6.4019
6.4019
6.4019
6.4019
6.4019
6.4019
6.4019
6.4020
6.4020
6.4020
6.4020
6.4021
6.4020
6.4021
6.4020
6.4021
6.4021
6.4021
6.4021
6.4021
6.4021
6.4021
6.4021
6.4021
6.4022
6.4021
6.4022
6.4022
6.4022
6.4022
6.4022
6.4022
6.4023
6.4022
6.4022
6.4022
6.4023
6.4022
6.4023
6.4023
6.4023
6.4023
6.4023
6.4023
6.4024
6.4024
6.4024
6.4024
6.4023
6.4023
6.4024
6.4024
6.4025
6.4025
6.4011
6.4012
6.4011
6.4011
6.4011
6.4012
6.4012
6.4012
6.4013
6.4012
6.4013
6.4013
6.4013
6.4013
6.4014
6.4014
6.4014
6.4014
6.4015
6.4014
6.4014
6.4014
6.4015
6.4015
6.4015
6.4015
6.4015
6.4014
6.4015
6.4015
6.4016
6.4016
6.4016
6.4016
6.4017
6.4017
6.4017
6.4017
6.4017
6.4017
6.4017
6.4018
6.4019
6.4019
6.4019
6.4018
6.4019
6.4019
6.4019
6.4020
6.4019
6.4020
6.4020
6.4021
6.4020
6.4020
6.4020
6.4020
6.4021
6.4021
6.4021
6.4021
6.4022
6.4022
6.4022
6.4021
6.4022
6.4022
6.4023
6.4023
6.4022
6.4022
6.4023
6.4023
6.4023
6.4023
6.4023
6.4024
6.4023
6.4023
6.4024
6.4023
6.4023
6.4024
6.4025
6.4024
6.4024
6.4024
6.4024
6.4024
6.4025
6.4025
6.4011
6.4011
6.4011
6.4011
6.4012
6.4013
6.4013
6.4013
6.4013
6.4013
6.4013
6.4013
6.4013
6.4014
6.4013
6.4014
6.4014
6.4014
6.4014
6.4015
6.4014
6.4015
6.4015
6.4015
6.4015
6.4015
6.4015
6.4015
6.4015
6.4016
6.4016
6.4016
6.4016
6.4017
6.4016
6.4017
6.4017
6.4018
6.4018
6.4018
6.4018
6.4017
6.4018
6.4018
6.4018
6.4019
6.4019
6.4019
6.4019
6.4018
6.4018
6.4019
6.4019
6.4019
6.4019
6.4019
6.4019
6.4020
6.4020
6.4020
6.4020
6.4021
6.4021
6.4020
6.4021
5.5518
5.5518
5.5518
5.5519
5.5519
5.5519
5.5519
5.5519
5.5519
5.5519
5.5519
5.5519
5.5519
5.5520
5.5519
5.5519
5.5520
5.5520
5.5520
5.5519
5.5520
5.5520
5.5520
5.5520
5.5520
5.5520
5.5521
5.5521
5.5520
5.5521
5.5520
5.5520
5.5521
5.5521
5.5520
5.5521
5.5522
5.5521
5.5522
5.5521
5.5522
5.5522
5.5521
5.5522
5.5522
5.5522
5.5521
5.5522
5.5522
5.5523
5.5522
5.5523
5.5523
5.5512
5.5512
5.5513
5.5513
5.5513
5.5513
5.5513
5.5513
5.5514
5.5514
5.5514
5.5514
5.5515
5.5514
5.5514
5.5514
5.5514
5.5514
5.5515
5.5515
5.5515
5.5515
5.5515
5.5516
5.5515
5.5516
5.5516
5.5515
5.5516
5.5516
5.5516
5.5516
5.5516
5.5516
5.5517
5.5516
5.5516
5.5517
5.5516
5.5517
5.5518
5.5517
5.5517
5.5517
5.5517
5.5518
5.5517
5.5518
5.5518
5.5518
5.5518
5.5519
5.5519
5.5519
5.5519
5.5519
5.5519
5.5519
5.5519
5.5519
5.5519
5.5519
5.5520
5.5520
5.5519
5.5519
5.5519
5.5519
5.5520
5.5520
5.5520
5.5520
5.5521
5.5521
5.5521
5.5520
5.5520
5.5520
5.5521
5.5520
5.5521
5.5521
5.5521
5.5521
5.5521
5.5521
5.5521
5.5521
5.5521
5.5521
5.5521
5.5522
5.5522
5.5521
5.5522
5.5521
5.5522
5.5523
5.5523
5.5522
5.5522
5.5523
5.5522
5.5523
5.5522
5.5523
5.5522
5.5512
5.5513
5.5513
5.5513
5.5512
5.5513
5.5514
5.5513
5.5514
5.5514
5.5514
5.5514
5.5514
5.5515
5.5515
5.5515
5.5515
5.5515
5.5515
5.5515
5.5516
5.5515
5.5515
5.5515
5.5516
5.5516
5.5516
5.5516
5.5516
5.5516
5.5516
5.5517
5.5516
5.5516
5.5516
5.5516
5.5517
5.5516
5.5516
5.5517
5.5517
5.5518
5.5517
5.5517
5.5517
5.5518
5.5518
5.5518
5.5518
5.5519
5.5519
5.5518
5.5518
5.5519
5.5519
5.5519
5.5519
5.5519
5.5519
5.5519
5.5519
5.5520
5.5520
5.5520
5.5520
4.9023
4.9023
4.9023
4.9023
4.9024
4.9024
4.9023
4.9024
4.9023
4.9024
4.9024
4.9024
4.9024
4.9024
4.9024
4.9025
4.9024
4.9024
4.9024
4.9024
4.9024
4.9025
4.9025
4.9025
4.9024
4.9024
4.9025
4.9026
4.9025
4.9025
4.9025
4.9025
4.9026
4.9026
4.9025
4.9026
4.9025
4.9025
4.9025
4.9025
4.9025
4.9026
4.9026
4.9026
4.9026
4.9027
4.9026
4.9026
4.9027
4.9026
4.9026
4.9027
4.9026
4.9026
4.9018
4.9019
4.9020
4.9019
4.9020
4.9020
4.9019
4.9019
4.9020
4.9020
4.9020
4.9020
4.9020
4.9021
4.9021
4.9020
4.9021
4.9020
4.9020
4.9020
4.9020
4.9020
4.9021
4.9020
4.9021
4.9020
4.9021
4.9021
4.9021
4.9021
4.9022
4.9022
4.9021
4.9022
4.9021
4.9022
4.9021
4.9022
4.9022
4.9023
4.9022
4.9023
4.9022
4.9022
4.9022
4.9022
4.9022
4.9022
4.9022
4.9023
4.9023
4.9022
4.9022
4.9022
4.9023
4.9022
4.9023
4.9023
4.9023
4.9023
4.9023
4.9024
4.9023
4.9023
4.9024
4.9024
4.9024
4.9024
4.9023
4.9024
4.9024
4.9024
4.9024
4.9024
4.9024
4.9025
4.9025
4.9025
4.9025
4.9024
4.9024
4.9025
4.9025
4.9024
4.9024
4.9025
4.9025
4.9025
4.9025
4.9025
4.9026
4.9026
4.9025
4.9025
4.9025
4.9025
4.9026
4.9026
4.9026
4.9026
4.9026
4.9026
4.9026
4.9026
4.9027
4.9026
4.9026
4.9026
4.9026
4.9026
4.9027
4.9019
4.9019
4.9019
4.9019
4.9018
4.9019
4.9019
4.9019
4.9019
4.9019
4.9019
4.9019
4.9020
4.9020
4.9020
4.9019
4.9019
4.9020
4.9020
4.9020
4.9020
4.9020
4.9020
4.9020
4.9020
4.9021
4.9021
4.9021
4.9021
4.9021
4.9021
4.9021
4.9021
4.9021
4.9022
4.9021
4.9021
4.9022
4.9022
4.9022
4.9022
4.9022
4.9022
4.9023
4.9022
4.9022
4.9022
4.9023
4.9023
4.9023
4.9023
4.9023
4.9023
4.9024
4.9024
4.9023
4.9024
4.9024
4.9023
4.9024
4.9023
4.9024
4.9024
4.9024
4.9024
4.9025
4.3899
4.3899
4.3899
4.3900
4.3900
4.3900
4.3900
4.3900
4.3900
4.3900
4.3900
4.3901
4.3901
4.3901
4.3900
4.3901
4.3901
4.3901
4.3900
4.3901
4.3901
4.3902
4.3901
4.3901
4.3901
4.3902
4.3901
4.3901
4.3902
4.3902
4.3902
4.3901
4.3902
4.3901
4.3902
4.3902
4.3903
4.3902
4.3902
4.3902
4.3902
4.3901
4.3902
4.3902
4.3903
4.3902
4.3903
4.3902
4.3896
4.3896
4.3896
4.3896
4.3896
4.3897
4.3896
4.3897
4.3897
4.3897
4.3897
4.3897
4.3898
4.3897
4.3898
4.3897
4.3898
4.3898
4.3898
4.3898
4.3898
4.3898
4.3898
4.3898
4.3898
4.3899
4.3899
4.3898
4.3899
4.3898
4.3899
4.3899
4.3899
4.3898
4.3899
4.3899
4.3899
4.3899
4.3899
4.3899
4.3899
4.3899
4.3899
4.3900
4.3899
4.3900
4.3900
4.3900
4.3899
4.3899
4.3900
4.3900
4.3899
4.3900
4.3899
4.3901
4.3899
4.3901
4.3900
4.3900
4.3900
4.3900
4.3900
4.3901
4.3901
4.3900
4.3900
4.3901
4.3900
4.3901
4.3901
4.3901
4.3901
4.3900
4.3900
4.3901
4.3902
4.3902
4.3902
4.3901
4.3901
4.3902
4.3902
4.3901
4.3902
4.3902
4.3902
4.3902
4.3902
4.3901
4.3902
4.3902
4.3903
4.3902
4.3902
4.3902
4.3903
4.3903
4.3896
4.3896
4.3896
4.3896
4.3896
4.3897
4.3897
4.3897
4.3896
4.3897
4.3898
4.3898
4.3897
4.3898
4.3897
4.3897
4.3898
4.3898
4.3898
4.3898
4.3898
4.3898
4.3898
4.3898
4.3898
4.3899
4.3899
4.3898
4.3899
4.3899
4.3899
4.3898
4.3899
4.3899
4.3899
4.3899
4.3899
4.3898
4.3899
4.3900
4.3899
4.3899
4.3899
4.3899
4.3899
4.3899
4.3899
4.3900
4.3899
4.3899
4.3899
4.3900
4.3899
4.3900
4.3900
4.3899
4.3900
4.3900
4.3900
4.3900
4.3901
4.3900
4.3900
4.3901
4.3900
4.3901
4.3900
4.3901
4.3901
4.3901
4.3901
4.3901
3.9756
3.9756
3.9756
3.9756
3.9757
3.9757
3.9757
3.9757
3.9757
3.9757
3.9757
3.9756
3.9757
3.9757
3.9757
3.9757
3.9758
3.9757
3.9758
3.9757
3.9757
3.9758
3.9758
3.9757
3.9757
3.9757
3.9758
3.9758
3.9757
3.9758
3.9757
3.9758
3.9758
3.9759
3.9758
3.9758
3.9758
3.9758
3.9758
3.9758
3.9758
3.9758
3.9759
3.9759
3.9759
3.9753
3.9754
3.9753
3.9753
3.9754
3.9754
3.9754
3.9753
3.9754
3.9754
3.9754
3.9754
3.9754
3.9754
3.9754
3.9755
3.9755
3.9754
3.9755
3.9754
3.9754
3.9754
3.9754
3.9755
3.9754
3.9755
3.9755
3.9755
3.9756
3.9755
3.9756
3.9755
3.9755
3.9756
3.9756
3.9755
3.9755
3.9756
3.9756
3.9756
3.9756
3.9756
3.9756
3.9756
3.9756
3.9756
3.9756
3.9756
3.9756
3.9757
3.9757
3.9757
3.9756
3.9757
3.9756
3.9757
3.9756
3.9757
3.9757
3.9757
3.9757
3.9757
3.9757
3.9757
3.9757
3.9758
3.9758
3.9757
3.9758
3.9758
3.9757
3.9758
3.9757
3.9758
3.9758
3.9757
3.9758
3.9758
3.9758
3.9758
3.9758
3.9758
3.9758
3.9759
3.9758
3.9758
3.9758
3.9759
3.9758
3.9758
3.9758
3.9758
3.9758
3.9758
3.9753
3.9753
3.9754
3.9754
3.9753
3.9754
3.9754
3.9753
3.9753
3.9754
3.9754
3.9754
3.9754
3.9754
3.9754
3.9753
3.9755
3.9754
3.9754
3.9754
3.9754
3.9755
3.9755
3.9754
3.9754
3.9755
3.9755
3.9756
3.9755
3.9755
3.9756
3.9755
3.9756
3.9755
3.9755
3.9756
3.9755
3.9756
3.9755
3.9756
3.9755
3.9755
3.9755
3.9756
3.9756
3.9756
3.9756
3.9756
3.9757
3.9756
3.9757
3.9756
3.9756
3.9757
3.9756
3.9757
3.9757
3.9756
3.9757
3.9756
3.9757
3.9757
3.9757
3.9757
3.9757
3.9758
3.9757
3.6337
3.6337
3.6337
3.6337
3.6338
3.6337
3.6337
3.6337
3.6337
3.6337
3.6338
3.6337
3.6337
3.6337
3.6337
3.6338
3.6338
3.6337
3.6338
3.6338
3.6338
3.6337
3.6338
3.6338
3.6338
3.6338
3.6338
3.6338
3.6337
3.6337
3.6338
3.6338
3.6338
3.6338
3.6338
3.6338
3.6339
3.6338
3.6338
3.6338
3.6338
3.6338
3.6338
3.6338
3.6339
3.6339
3.6338
3.6339
3.6339
3.6338
3.6334
3.6335
3.6335
3.6334
3.6334
3.6335
3.6335
3.6335
3.6335
3.6335
3.6335
3.6334
3.6335
3.6335
3.6335
3.6335
3.6335
3.6335
3.6335
3.6335
3.6335
3.6335
3.6335
3.6335
3.6335
3.6336
3.6335
3.6335
3.6335
3.6336
3.6336
3.6336
3.6336
3.6336
3.6336
3.6336
3.6336
3.6336
3.6336
3.6336
3.6336
3.6337
3.6336
3.6336
3.6336
3.6336
3.6337
3.6336
3.6337
3.6336
3.6337
3.6336
3.6337
3.6337
3.6337
3.6337
3.6337
3.6336
3.6337
3.6338
3.6337
3.6337
3.6338
3.6337
3.6337
3.6338
3.6337
3.6337
3.6338
3.6337
3.6338
3.6338
3.6338
3.6337
3.6338
3.6338
3.6337
3.6338
3.6338
3.6338
3.6338
3.6338
3.6338
3.6338
3.6338
3.6338
3.6338
3.6338
3.6339
3.6338
3.6338
3.6339
3.6339
3.6338
3.6338
3.6339
3.6339
3.6334
3.6335
3.6335
3.6335
3.6335
3.6335
3.6334
3.6335
3.6334
3.6335
3.6335
3.6335
3.6335
3.6335
3.6335
3.6336
3.6336
3.6335
3.6335
3.6336
3.6335
3.6335
3.6336
3.6335
3.6335
3.6336
3.6335
3.6335
3.6336
3.6336
3.6336
3.6336
3.6336
3.6336
3.6336
3.6336
3.6337
3.6336
3.6337
3.6337
3.6336
3.6336
3.6337
3.6337
3.6337
3.6337
3.6337
3.6337
3.6337
3.6337
3.6337
3.6337
3.6338
3.6337
3.6338
3.6338
3.6337
3.6338
3.3468
3.3469
3.3469
3.3469
3.3469
3.3468
3.3468
3.3468
3.3468
3.3469
3.3469
3.3468
3.3468
3.3468
3.3468
3.3468
3.3469
3.3468
3.3469
3.3469
3.3468
3.3469
3.3469
3.3469
3.3469
3.3469
3.3469
3.3469
3.3468
3.3469
3.3469
3.3469
3.3469
3.3470
3.3469
3.3469
3.3469
3.3470
3.3470
3.3469
3.3470
3.3469
3.3470
3.3466
3.3466
3.3466
3.3466
3.3466
3.3466
3.3466
3.3466
3.3466
3.3467
3.3466
3.3466
3.3466
3.3467
3.3467
3.3467
3.3466
3.3467
3.3467
3.3467
3.3466
3.3467
3.3467
3.3467
3.3467
3.3466
3.3468
3.3468
3.3467
3.3467
3.3468
3.3467
3.3468
3.3467
3.3467
3.3468
3.3467
3.3467
3.3468
3.3467
3.3468
3.3467
3.3468
3.3468
3.3467
3.3468
3.3468
3.3467
3.3468
3.3468
3.3468
3.3468
3.3468
3.3468
3.3468
3.3469
3.3468
3.3469
3.3468
3.3469
3.3468
3.3468
3.3469
3.3468
3.3468
3.3469
3.3469
3.3469
3.3469
3.3469
3.3468
3.3469
3.3468
3.3469
3.3469
3.3469
3.3468
3.3469
3.3468
3.3469
3.3469
3.3470
3.3469
3.3469
3.3469
3.3470
3.3469
3.3470
3.3470
3.3470
3.3470
3.3470
3.3469
3.3465
3.3466
3.3466
3.3466
3.3466
3.3467
3.3467
3.3466
3.3466
3.3467
3.3467
3.3467
3.3467
3.3466
3.3467
3.3467
3.3466
3.3467
3.3466
3.3467
3.3466
3.3467
3.3466
3.3467
3.3467
3.3466
3.3467
3.3467
3.3467
3.3468
3.3467
3.3467
3.3467
3.3467
3.3468
3.3467
3.3467
3.3468
3.3467
3.3467
3.3468
3.3468
3.3468
3.3467
3.3468
3.3468
3.3468
3.3468
3.3468
3.3467
3.3468
3.3468
3.3468
3.3468
3.3468
3.3467
3.3468
3.3468
3.3468
3.3468
3.3468
3.3468
3.3468
3.3468
3.3468
3.3468
3.3468
3.3468
3.3468
3.3468
3.3468
3.3468
3.1027
3.1027
3.1028
3.1028
3.1027
3.1027
3.1027
3.1027
3.1028
3.1027
3.1027
3.1027
3.1027
3.1028
3.1028
3.1028
3.1027
3.1028
3.1028
3.1028
3.1028
3.1028
3.1028
3.1028
3.1028
3.1028
3.1028
3.1027
3.1027
3.1028
3.1027
3.1028
3.1028
3.1028
3.1029
3.1028
3.1028
3.1028
3.1028
3.1028
3.1028
3.1028
3.1028
3.1027
3.1028
3.1029
3.1028
3.1029
3.1029
3.1028
3.1028
3.1028
3.1025
3.1026
3.1026
3.1026
3.1025
3.1025
3.1026
3.1025
3.1025
3.1026
3.1026
3.1025
3.1026
3.1026
3.1026
3.1026
3.1026
3.1025
3.1026
3.1026
3.1026
3.1026
3.1026
3.1025
3.1026
3.1026
3.1026
3.1026
3.1027
3.1027
3.1026
3.1027
3.1026
3.1027
3.1026
3.1026
3.1027
3.1026
3.1027
3.1027
3.1027
3.1026
3.1027
3.1026
3.1027
3.1027
3.1026
3.1027
3.1027
3.1027
3.1027
3.1028
3.1027
3.1027
3.1028
3.1026
3.1027
3.1027
3.1027
3.1028
3.1027
3.1027
3.1027
3.1027
3.1028
3.1028
3.1028
3.1027
3.1027
3.1028
3.1027
3.1028
3.1028
3.1027
3.1028
3.1027
3.1028
3.1027
3.1028
3.1028
3.1028
3.1028
3.1028
3.1028
3.1028
3.1028
3.1028
3.1028
3.1028
3.1028
3.1028
3.1029
3.1028
3.1029
3.1028
3.1025
3.1025
3.1025
3.1026
3.1026
3.1025
3.1026
3.1025
3.1025
3.1025
3.1025
3.1026
3.1026
3.1026
3.1026
3.1025
3.1026
3.1026
3.1025
3.1027
3.1026
3.1026
3.1026
3.1026
3.1026
3.1027
3.1026
3.1027
3.1026
3.1026
3.1026
3.1026
3.1027
3.1026
3.1027
3.1026
3.1026
3.1027
3.1026
3.1026
3.1026
3.1026
3.1027
3.1026
3.1027
3.1027
3.1027
3.1027
3.1027
3.1027
3.1027
3.1028
3.1027
3.1027
3.1028
3.1027
3.1027
3.1027
3.1028
3.1027
3.1027
3.1027
3.1027
3.1027
3.1028
3.1027
3.1028
3.1027
3.1028
3.1027
3.1028
3.1028
3.1028
2.8926
2.8925
2.8926
2.8926
2.8927
2.8926
2.8926
2.8926
2.8926
2.8926
2.8926
2.8927
2.8926
2.8927
2.8926
2.8926
2.8926
2.8926
2.8926
2.8926
2.8926
2.8926
2.8927
2.8927
2.8926
2.8926
2.8926
2.8926
2.8926
2.8927
2.8926
2.8926
2.8926
2.8927
2.8927
2.8926
2.8926
2.8927
2.8927
2.8926
2.8927
2.8926
2.8927
2.8924
2.8924
2.8925
2.8925
2.8924
2.8925
2.8924
2.8924
2.8925
2.8925
2.8924
2.8925
2.8925
2.8924
2.8924
2.8925
2.8925
2.8925
2.8925
2.8925
2.8925
2.8925
2.8925
2.8925
2.8926
2.8925
2.8925
2.8926
2.8925
2.8925
2.8925
2.8926
2.8925
2.8925
2.8925
2.8926
2.8925
2.8926
2.8926
2.8926
2.8926
2.8926
2.8926
2.8926
2.8926
2.8926
2.8926
2.8926
2.8926
2.8926
2.8926
2.8926
2.8926
2.8926
2.8926
2.8925
2.8926
2.8926
2.8926
2.8926
2.8926
2.8926
2.8927
2.8927
2.8927
2.8926
2.8926
2.8926
2.8926
2.8926
2.8927
2.8926
2.8926
2.8927
2.8926
2.8926
2.8927
2.8926
2.8927
2.8926
2.8927
2.8927
2.8927
2.8927
2.8927
2.8927
2.8927
2.8927
2.8926
2.8928
2.8925
2.8924
2.8924
2.8925
2.8924
2.8925
2.8925
2.8924
2.8924
2.8924
2.8924
2.8925
2.8924
2.8925
2.8924
2.8925
2.8924
2.8925
2.8925
2.8925
2.8925
2.8925
2.8925
2.8925
2.8925
2.8925
2.8925
2.8925
2.8925
2.8925
2.8926
2.8926
2.8925
2.8925
2.8925
2.8925
2.8925
2.8925
2.8925
2.8925
2.8925
2.8925
2.8925
2.8926
2.8926
2.8925
2.8926
2.8925
2.8926
2.8925
2.8925
2.8925
2.8926
2.8926
2.8926
2.8926
2.8926
2.8926
2.8926
2.8926
2.8926
2.8926
2.8926
2.8927
2.8926
2.8926
2.8926
2.8926
2.8926
2.8926
2.8927
2.8927
2.8926
2.7098
2.7098
2.7098
2.7098
2.7098
2.7098
2.7099
2.7098
2.7099
2.7098
2.7099
2.7098
2.7098
2.7098
2.7099
2.7099
2.7099
2.7099
2.7098
2.7098
2.7099
2.7099
2.7099
2.7098
2.7099
2.7098
2.7099
2.7098
2.7099
2.7099
2.7099
2.7099
2.7099
2.7099
2.7099
2.7099
2.7100
2.7098
2.7099
2.7100
2.7100
2.7099
2.7099
2.7099
2.7099
2.7099
2.7097
2.7097
2.7097
2.7097
2.7097
2.7097
2.7097
2.7097
2.7097
2.7097
2.7097
2.7097
2.7097
2.7097
2.7098
2.7097
2.7097
2.7097
2.7098
2.7098
2.7097
2.7097
2.7097
2.7097
2.7098
2.7098
2.7098
2.7098
2.7098
2.7098
2.7097
2.7097
2.7098
2.7098
2.7097
2.7098
2.7098
2.7098
2.7098
2.7098
2.7098
2.7098
2.7098
2.7098
2.7098
2.7097
2.7098
2.7098
2.7098
2.7098
2.7098
2.7098
2.7097
2.7098
2.7098
2.7098
2.7098
2.7099
2.7098
2.7098
2.7098
2.7099
2.7099
2.7098
2.7099
2.7099
2.7099
2.7099
2.7098
2.7099
2.7099
2.7099
2.7099
2.7099
2.7098
2.7098
2.7099
2.7099
2.7098
2.7099
2.7099
2.7099
2.7099
2.7098
2.7099
2.7099
2.7099
2.7099
2.7099
2.7099
2.7099
2.7099
2.7100
2.7099
2.7099
2.7099
2.7099
2.7100
2.7100
2.7097
2.7097
2.7097
2.7096
2.7097
2.7097
2.7098
2.7097
2.7097
2.7097
2.7097
2.7097
2.7098
2.7097
2.7097
2.7097
2.7097
2.7098
2.7098
2.7098
2.7097
2.7098
2.7097
2.7098
2.7097
2.7097
2.7097
2.7097
2.7097
2.7098
2.7098
2.7097
2.7097
2.7097
2.7098
2.7098
2.7098
2.7098
2.7097
2.7098
2.7097
2.7098
2.7098
2.7098
2.7098
2.7098
2.7098
2.7099
2.7098
2.7098
2.7099
2.7099
2.7099
2.7097
2.7097
2.7099
2.7099
2.7098
2.7098
2.7099
2.7099
2.7098
2.7099
2.7098
2.7098
2.7099
2.7099
2.7099
2.7098
2.7100
2.7099
2.7099
