4.0987
4.6608
6.9561
6.7219
7.6119
16.7931
13.1393
4.3798
8.5956
52.3466
23.2105
37.6380
3.4898
11.5935
52.3466
52.3466
52.3934
17.0273
52.2060
52.1592
2.9277
5.1761
0.9603
3.0213
52.0187
5.4103
31.1269
22.3673
10.0009
3.4429
52.3934
51.6908
2.2719
9.1109
6.3940
11.7809
6.6751
31.6422
51.9718
50.6602
2.5061
53.2366
27.9416
27.5669
52.2060
14.9662
52.1592
5.1293
19.8378
5.2229
28.1758
2.7403
51.9718
7.4245
2.7871
14.3104
52.1124
5.6445
1.5692
51.9718
20.5405
2.7871
20.8684
17.6831
8.5488
32.0169
43.0717
52.4871
28.4569
4.2393
18.4794
34.4059
3.2087
19.1352
5.4103
18.7604
52.8618
52.8150
52.8150
1.8971
21.4305
10.4225
32.8601
42.5096
10.6098
3.9114
9.9072
24.2879
9.8604
3.8645
19.5568
52.5339
52.3934
52.3466
0.9134
24.1005
12.3899
6.5814
4.6608
18.2452
3.3492
28.1758
6.1598
51.9718
14.4978
6.6751
40.5422
0.1639
42.0881
26.9111
37.3570
5.3635
6.4877
4.3798
51.7845
2.9745
24.1005
16.7462
18.4794
4.0050
2.5061
51.7376
8.0335
8.5488
51.6908
4.9419
0.7729
51.1755
14.7788
37.3101
31.4079
1.7566
27.0984
51.7376
51.6908
9.5793
0.0703
11.4530
8.8767
11.9214
12.7178
29.6748
9.2046
9.0172
29.2063
12.7178
51.7845
6.8624
19.3226
20.2594
6.2535
7.6119
52.2529
18.1047
1.5224
37.0291
43.0717
3.4429
9.5793
3.3492
16.6994
10.3756
5.2229
10.4693
52.8150
52.8618
53.0492
23.4915
53.0961
1.2882
53.2366
30.5648
52.4871
52.4871
4.8950
0.8197
8.2677
20.1189
8.4551
0.4450
8.3146
6.5345
6.3940
7.5651
11.2656
52.0187
6.6282
19.5568
8.5019
3.4898
12.3430
0.4918
10.5162
16.4183
13.9357
29.2063
5.7382
27.5200
51.4566
8.8298
25.3184
19.3694
2.4592
2.3187
0.7729
12.3430
21.6178
14.4041
7.7993
16.9336
30.9864
9.0172
51.4566
31.2206
12.9051
18.6199
24.0537
13.3736
51.6439
16.0436
3.3492
51.6908
38.9964
0.8197
4.5203
18.8541
7.0030
51.7376
7.7056
6.4877
43.9149
1.8971
13.7951
52.1592
7.9398
3.2087
7.6588
14.1699
37.4506
15.5283
52.4403
1.3350
2.3655
52.6745
12.0620
14.2636
3.4898
18.8073
52.9555
13.9825
52.4403
2.7403
2.0845
52.0655
31.1269
17.7768
38.5749
5.0356
19.3694
22.5079
22.8826
11.0783
2.8340
32.5322
8.9235
21.3836
5.4572
49.7234
51.5034
22.7889
51.4566
15.2941
12.1088
16.6525
28.5505
25.0374
8.7361
1.6629
21.0557
1.0071
8.5956
6.4877
51.2692
35.2959
47.9902
10.3756
51.3160
51.2224
1.8503
21.4773
51.3160
5.2229
15.2941
51.3629
25.4121
21.8989
24.6626
4.3798
27.1453
34.5932
51.3160
17.0741
51.6439
19.5099
52.1124
23.8663
25.4121
51.7376
12.8583
31.0800
51.6908
17.8704
6.1598
52.0187
6.9093
52.1592
17.2615
7.1435
11.4062
11.5467
15.4346
0.4450
18.6668
20.4936
0.6324
2.6466
52.5339
7.0030
1.6629
20.9152
15.6220
52.3466
0.1639
28.7848
39.2775
3.8177
51.9250
19.0415
0.1171
17.8704
21.1963
21.9926
30.5648
6.3003
51.7845
2.5529
10.4225
9.9072
23.2573
10.2819
13.7015
51.2224
51.5034
51.5034
8.7361
5.4572
12.2493
16.0436
3.6771
1.6161
3.8177
51.2224
14.5446
0.1639
51.0818
17.4020
13.9825
50.8476
13.8888
20.8215
4.2393
51.2692
1.0540
20.7747
51.2692
11.5935
0.5387
20.0720
51.2224
27.8479
3.7240
1.9908
51.1755
50.9413
51.1755
1.4287
27.6605
1.0540
25.4589
23.0231
51.4566
27.7074
51.5034
9.2514
5.4103
51.6439
7.3777
5.2229
10.1414
51.8313
52.1592
10.6098
52.0655
17.3552
34.4996
52.1592
7.2372
4.0050
2.9277
14.1230
33.2816
3.9114
31.9701
52.0655
52.0655
51.9250
59.8882
50.2855
18.4794
3.3492
51.5971
25.3184
7.0966
51.5034
0.3982
51.4566
12.9520
51.3160
46.1634
5.1293
51.3629
26.4895
10.6567
8.5488
19.3694
11.9683
51.0350
17.4489
51.0350
51.1755
26.5363
15.3409
1.3350
2.8808
10.0009
33.5627
50.8945
36.4669
50.8945
51.0350
20.5873
24.2879
8.2209
10.8441
15.7157
8.7361
32.8601
10.0946
50.8008
51.0350
50.9881
3.1619
12.0620
51.0350
3.8177
12.4835
51.2692
14.5446
2.4124
14.2636
51.2692
6.7688
13.8420
14.6851
51.4566
46.1634
14.0294
21.1494
51.5034
9.3451
8.3146
5.7851
51.5503
25.4589
23.3510
1.8034
8.0335
21.0089
1.4287
52.1124
2.8340
23.7726
2.9277
10.4693
2.9745
52.1592
1.2413
52.3934
51.7376
26.4895
41.9007
51.7376
51.4566
33.2348
9.4388
51.3160
4.5672
5.9256
4.8950
20.7747
2.4124
8.5019
18.5731
7.0030
50.9881
25.2716
1.1476
3.8645
15.9499
2.2719
9.1577
30.1900
20.5873
50.8476
50.8008
4.0987
50.8008
18.7604
42.0881
50.8008
17.3083
46.6318
10.8909
13.3736
1.9440
50.7539
6.6282
4.9887
9.5325
50.8008
50.6134
10.6098
35.7175
50.6602
18.2452
0.9603
21.8052
50.8008
51.0350
2.7403
51.0350
5.3635
0.2576
51.1287
51.1287
8.5488
51.2224
19.4631
50.9881
51.4097
51.4097
0.2576
20.2594
17.4957
51.6908
51.5034
25.6463
51.6908
20.7278
7.7056
10.2819
51.7845
4.4266
2.3187
52.0655
52.2529
5.4572
37.6848
6.1598
7.9398
10.7035
1.8971
9.0172
7.3309
26.1147
8.5956
20.0252
19.6505
7.1435
14.1230
3.5366
8.7830
30.3306
51.1287
16.3715
6.4877
14.8257
0.1171
5.5040
8.3146
50.7071
50.9413
16.0436
12.3430
50.8945
40.5891
29.0190
50.7071
50.5197
22.0394
10.2351
13.7015
27.0047
19.0883
50.6602
33.6095
6.0193
50.6602
50.6134
18.4794
23.4915
0.6324
4.7545
50.7539
1.2413
2.1313
10.9377
3.7240
19.1352
50.8945
11.2188
15.3878
16.0904
2.6466
31.2206
3.9114
1.3350
51.0818
20.7278
4.1924
6.7688
51.2692
11.8277
12.9051
3.0213
20.4468
14.8257
10.9377
51.6439
12.7646
51.6908
3.7708
22.1331
51.8313
51.9250
0.0703
36.1859
52.0187
51.9718
52.3934
51.5034
6.8156
4.1456
4.7545
51.3629
0.4450
4.0519
8.5488
51.1755
1.7098
20.7278
13.0925
7.0030
51.1287
54.8292
51.4097
25.9274
50.8476
4.2393
8.0335
49.6765
32.9069
0.6324
5.0824
11.6872
50.9413
16.5588
1.8503
24.1473
50.0981
50.8008
50.6134
52.2997
2.7871
50.6602
50.5666
10.7035
1.3350
42.1349
55.7192
11.2656
31.3143
50.4729
50.4729
14.7320
50.7539
30.5179
19.0415
20.2126
1.8034
1.1476
4.7545
15.1067
50.7071
12.4835
7.0966
50.5666
20.3063
6.2066
51.2692
16.7462
20.0720
9.8135
19.9315
2.5061
8.8298
50.8476
50.9413
50.8476
8.5488
10.2351
50.9881
12.3430
16.0904
51.4097
18.3857
4.1456
29.5342
0.0703
25.3653
25.4589
51.6908
7.6588
51.5971
4.8482
1.6629
12.0620
51.6908
2.8340
21.9926
14.1699
13.7951
0.0703
33.3753
17.7768
7.7993
51.2692
2.9745
51.0818
18.3389
51.2224
4.3798
7.0966
5.6914
50.9881
2.6934
50.8945
11.4530
26.5363
4.6608
1.4287
50.7071
19.0415
50.7071
27.5669
25.9742
6.4877
1.1008
4.9419
15.0599
50.8008
1.8034
20.1189
1.3350
50.4729
6.0193
11.7809
18.0578
50.4260
15.9967
6.6282
14.4041
1.4755
36.2796
17.6831
20.8215
25.7868
7.6119
50.7539
13.6546
5.2698
9.7667
3.2087
1.8971
18.1047
0.6324
33.2348
27.3795
11.0314
2.6466
50.7539
3.0213
2.5061
16.1373
2.4592
50.8945
0.3982
16.1841
14.6383
50.9881
51.0350
10.4693
5.9256
51.2224
51.2692
32.3916
2.3187
3.0682
17.4489
3.8177
4.5203
1.2413
51.8313
17.2615
51.8781
23.6321
51.3629
51.8313
40.7765
0.9603
17.8236
26.8642
50.0044
50.9413
1.7098
2.2719
1.0071
51.0350
5.6914
0.2576
50.9413
21.7584
8.6893
1.5692
50.3323
22.2736
42.6033
17.3083
3.7708
6.4409
50.2855
20.7278
15.1536
3.4429
27.4263
7.1903
28.8784
50.3323
9.1577
0.9134
7.1903
3.6771
25.5995
17.6831
6.5814
31.9701
9.1577
50.3792
20.1657
0.2576
0.3045
6.8624
13.1862
50.8008
50.8008
11.7341
3.6771
1.8034
13.3267
51.1287
51.1287
0.9134
18.9010
1.4287
13.3267
5.4572
0.5387
12.9520
2.1782
10.2351
51.7845
19.5568
51.3160
51.2692
13.3267
7.9398
1.9440
16.1373
15.2004
8.5956
10.4225
18.9478
9.0640
3.2556
14.9194
0.0703
25.6463
0.6324
0.9134
6.6751
2.7871
3.5835
9.3919
14.0762
0.4450
50.4729
9.9072
9.0172
50.4260
19.5568
2.7403
16.6057
3.2556
50.2855
13.7015
50.1450
50.3792
62.8393
50.3323
22.6015
11.9214
50.3792
17.9641
15.1067
50.2855
5.9256
12.9051
3.1150
20.5405
50.5197
1.8503
0.0234
10.2819
50.3792
0.8666
5.9724
7.9398
50.4260
5.3635
6.8156
50.5197
50.6134
1.7566
9.9540
4.6608
13.5141
3.1150
19.6505
50.8008
45.0860
17.0273
23.9131
23.5384
2.2250
51.0818
13.2799
8.3146
23.2105
51.4566
1.1476
14.4041
1.8034
22.8826
18.0578
4.8014
13.4672
51.2692
0.7261
51.1755
51.2224
4.8014
53.8924
51.0818
2.5061
50.9881
51.0350
50.8945
11.2656
25.2247
19.9784
37.6380
2.3187
50.6602
10.9846
18.6199
18.6199
18.6668
50.5666
55.1571
19.8378
50.4729
11.0314
11.2656
11.3593
0.9603
50.3792
3.3961
2.9277
6.1130
5.3635
13.4204
5.5977
4.8014
17.5894
21.8521
25.5058
19.4631
50.1918
50.0513
19.5099
7.1903
5.7382
50.2387
1.0540
6.2535
22.2736
8.9704
39.8864
1.4287
39.5586
19.7441
25.4121
7.7993
2.7871
22.3673
4.8482
1.6161
16.9336
30.2369
15.4346
4.1924
5.3635
1.8503
12.5772
1.0071
4.6140
50.4260
20.3999
17.4489
50.4260
13.7951
21.1963
50.7071
44.7581
17.7299
50.8476
51.0818
18.1983
37.8722
9.1109
18.0110
14.1230
3.4429
11.6404
37.0759
1.7098
5.2698
51.5503
22.2268
29.3000
12.9051
51.5971
51.6439
32.0637
51.1287
5.7382
51.1755
50.9881
51.1287
19.0883
17.7768
11.1720
1.1945
1.6629
11.1251
13.3736
50.5666
50.8008
5.4103
9.9072
50.7071
18.4326
12.9520
18.6199
16.9336
27.0047
16.4652
10.5162
6.4409
3.5366
10.7972
1.8034
9.4856
28.0821
27.9416
21.6178
50.2387
4.2861
7.4245
1.7566
10.3288
50.2387
20.3063
30.8458
9.5325
36.5138
5.1293
40.5891
40.5422
15.3878
20.5405
50.2387
26.3958
5.7382
6.9561
15.5283
50.1450
23.7258
1.9908
0.1639
0.7261
1.8034
33.7969
50.4729
3.8645
19.0883
4.8014
19.6505
26.6300
13.7951
5.4572
56.9371
9.2514
9.5325
5.3166
23.3979
32.5790
51.0818
51.1287
33.6564
10.3756
51.2692
51.1755
13.6078
5.3166
29.6279
20.5405
20.3999
23.6321
20.2594
8.7361
14.2167
7.2372
51.3629
2.9745
0.3982
1.8034
59.3261
7.0966
23.7258
50.8945
1.1945
9.2983
38.9964
25.3653
50.7071
2.1313
4.8014
4.5672
24.8031
38.9964
8.0335
18.5262
18.5262
16.7931
50.2855
50.6134
50.3323
8.6425
18.5262
42.9781
50.2855
8.7830
18.1047
40.5422
18.6199
3.0213
40.5891
32.5322
7.6588
12.5304
12.0151
18.0578
13.7015
9.8604
40.5422
13.3267
21.0089
13.8420
40.5422
16.8867
4.6140
13.6546
40.9170
29.4406
12.8583
40.8233
6.5814
40.5891
41.0575
8.5488
28.2226
7.4714
50.4260
11.1720
11.1251
50.5666
8.9704
0.7261
0.9134
6.4877
0.3045
19.9784
50.6602
50.8476
23.4915
16.2310
51.1755
24.7563
8.6425
7.6588
2.4124
49.4423
8.5019
1.0540
51.6439
4.0987
32.5790
51.0350
38.2938
3.9114
13.7015
50.7539
10.1883
4.3798
50.8476
15.4815
50.8008
16.7462
49.2550
50.5197
7.5651
1.1008
1.5224
18.6199
18.4326
18.5262
10.8909
50.3323
50.2855
3.3024
20.0252
4.0987
18.5731
19.1352
12.3899
6.7688
19.8847
19.5568
50.3323
0.1639
40.4017
40.4017
0.3045
40.8233
42.3691
1.4755
8.6425
40.2612
23.2105
9.7667
25.3653
24.9905
40.4486
58.6235
0.5855
40.5891
40.5422
40.6828
6.7688
18.0578
9.8604
16.6057
0.7729
3.5835
50.4729
11.4062
2.1313
50.6134
0.0703
10.3756
14.3572
50.8945
50.8008
10.4693
3.2556
1.1476
8.6893
51.0350
13.0457
51.0350
0.6324
51.1755
6.6751
1.1008
27.1453
22.2268
51.1755
8.1740
10.7972
20.3999
5.8319
9.9072
51.0818
51.1287
50.9881
51.2692
1.5692
38.6685
1.9908
14.6851
26.3021
2.7871
4.5672
50.8476
20.8215
6.3472
14.5446
2.1313
50.7539
35.8580
50.6134
1.1476
49.9576
21.1026
50.1918
12.0151
18.5731
7.0966
25.6932
50.6602
18.0110
4.2861
7.7524
2.7403
25.9274
11.8746
50.2855
7.9867
26.2553
9.2514
0.5387
15.0130
40.2143
40.3080
43.6807
18.0110
50.1450
36.4201
11.2656
29.9558
18.7604
34.1717
43.1186
40.4954
2.0845
50.2855
50.4260
11.9683
4.8014
50.3792
8.1272
50.4260
57.3119
6.1598
7.8461
38.5749
1.4755
10.1883
40.4954
50.8476
9.9072
25.5526
16.1373
51.1755
51.4097
5.4103
51.4097
1.7098
24.9437
27.6605
27.7542
4.7077
27.7542
11.5467
27.7542
27.7542
27.7542
27.7542
27.8479
27.5669
27.7542
27.4263
27.6605
27.8011
26.6768
4.6140
27.7542
27.6137
1.2413
2.5529
27.8011
27.4732
27.8948
18.2452
28.2695
27.8948
27.6605
27.7542
27.7542
27.6605
27.2858
27.8011
27.7542
27.8948
27.8948
27.7542
27.7542
27.8948
27.7542
27.8479
27.8011
15.6688
27.7542
27.8011
27.6605
27.8948
27.8011
27.9416
19.5099
27.7074
9.3451
27.8011
27.8948
27.8011
27.8011
27.8948
27.7542
27.7542
12.5304
27.8479
27.7542
27.7542
27.7542
13.4204
28.1290
23.4915
27.7542
28.0353
28.0821
3.1619
27.7542
30.7990
27.7542
23.5384
16.6057
16.7462
16.9804
16.6525
16.6525
16.6994
16.6057
16.4652
16.6994
16.6525
16.6525
16.1841
16.7931
16.7462
16.6525
1.7098
16.7462
16.6994
16.7462
16.6994
17.0741
16.8867
16.6994
16.7462
16.6994
16.6525
16.6994
16.6525
5.3166
16.7462
16.6994
16.7931
16.7931
16.6994
20.3063
16.9336
16.6525
16.6525
16.6525
16.6525
16.5120
16.7462
16.6525
16.5588
16.6525
16.2778
16.6057
16.6994
16.6525
18.4326
1.0540
16.6525
16.8399
16.6525
16.6994
16.8399
16.6525
16.9336
6.6751
16.6525
16.6525
16.7462
16.6525
16.6525
24.2410
16.6525
16.5120
16.6994
16.6994
16.6994
16.6525
16.6525
16.9804
16.6994
16.6525
16.6525
16.6994
16.5588
16.6994
16.6525
16.6525
16.6057
16.9804
16.6525
16.7462
11.9683
11.8746
11.9683
11.9683
11.9683
11.8277
2.1782
11.4999
11.8746
23.2573
11.8746
11.9214
11.8277
12.1556
11.7809
12.0151
12.0151
11.9683
12.0620
11.8746
11.9214
11.9214
11.8746
12.0151
11.9214
11.9214
11.9214
11.9214
4.4266
11.9214
11.9683
11.6872
11.8277
11.8746
11.9683
11.9683
11.9214
11.9214
12.2962
11.9683
11.9683
11.9214
11.8746
11.8746
11.9214
11.8277
11.9214
12.0620
12.1088
11.9214
11.8746
11.9214
11.9683
11.9214
11.9214
11.9214
12.0151
11.9214
1.8971
11.8746
11.9214
11.9683
12.1088
11.5935
12.1088
12.0151
11.9214
11.9214
11.9214
11.9683
11.9683
11.9214
27.3795
30.2837
11.9683
11.9214
11.9214
11.6404
11.9214
12.0620
11.9214
11.8746
11.8277
12.0151
11.9214
0.2108
9.4856
9.2983
9.2983
9.3919
9.3919
9.4388
9.2514
9.2983
9.1577
9.2983
9.3451
9.2514
9.2514
13.8420
9.3451
9.2514
9.2983
9.2983
9.2514
9.2514
9.2046
9.2983
9.2983
9.2983
9.2514
9.2514
9.5325
9.2514
9.2046
9.2514
9.2514
9.3919
9.3451
9.3919
0.6792
9.2983
9.2983
9.4856
9.6730
9.2983
9.2514
9.2514
9.2983
9.2046
9.2514
9.2983
9.4856
9.3919
9.2983
9.3919
9.3451
9.2983
9.2983
9.2514
9.2983
9.2514
9.3919
9.2514
9.2983
9.3451
6.8624
9.3451
9.2046
9.2983
9.2983
9.4856
9.2514
9.2983
11.8277
9.2514
9.2983
9.2983
9.2983
9.1577
9.2514
9.2514
6.5345
9.3451
9.2983
9.2983
9.3451
9.2046
9.3451
9.4388
9.2514
10.1414
9.2983
9.3451
7.6119
7.6119
7.9398
7.6119
7.5651
7.5651
7.6588
7.5651
7.6119
7.6119
7.8461
7.6588
42.6970
7.5651
7.5651
7.5651
7.7993
7.6119
7.7056
7.6119
7.7056
7.5651
7.7524
7.7993
7.6119
7.6588
7.6119
7.5182
7.6588
7.5651
11.4062
7.7524
7.5651
7.7993
7.6119
7.6588
7.5182
7.7993
7.1903
7.6119
7.6588
8.1272
7.6119
7.7524
7.6119
7.6119
7.6119
7.6119
7.5651
7.6119
7.5651
7.6119
7.5182
7.4714
7.8461
7.6588
7.5651
7.7056
7.6119
7.5182
7.7056
7.7524
7.8930
7.7993
7.5182
7.6119
7.5651
7.6119
7.6119
7.6119
7.2372
7.6119
7.5651
7.5651
7.5182
7.5651
7.6119
7.5182
7.5651
7.5651
7.6588
7.6119
7.5651
6.3940
6.4409
6.4409
6.4409
6.4409
6.4409
6.3003
6.4877
6.0661
6.1598
6.4877
6.4877
6.4877
6.4877
6.3940
6.4877
6.4409
6.3940
6.4877
6.3472
6.4409
6.3940
6.5814
6.4409
6.4877
6.4409
6.4877
6.3940
6.3472
6.3940
6.4409
6.4409
6.4877
6.3940
6.5814
6.4409
6.4409
6.3940
6.3472
6.4409
6.6282
6.5345
6.4409
6.5345
6.5345
6.4409
6.4409
6.4877
6.5345
6.4877
6.4409
6.7219
6.4409
6.4409
6.4409
6.4409
6.4877
6.4409
6.4409
6.3940
6.4409
6.4409
6.4877
6.4409
6.4409
6.3472
6.4409
6.6751
6.7219
6.4877
6.4409
6.3940
6.4877
6.4409
6.4409
6.3940
6.3940
6.3472
6.3940
6.4409
6.6282
6.4409
6.4877
6.4409
6.4409
6.3940
6.4409
5.5508
5.6445
5.5508
5.5508
5.5977
5.5977
5.7382
5.5508
5.5508
5.5977
5.5508
5.5508
5.6445
5.7382
5.6445
5.5977
5.6445
5.6445
5.5977
5.5977
5.4572
5.5040
5.5508
5.8319
5.5977
5.5977
5.7851
5.6445
5.8787
5.6445
5.6445
5.7851
5.5977
5.5508
5.5508
5.5977
5.5508
5.5040
5.5977
5.7382
5.5977
5.5977
5.5977
5.7851
5.3166
5.5508
5.5977
5.5977
5.5977
5.5977
5.6445
5.7382
5.5977
5.5508
5.5977
5.5977
5.5977
5.8319
5.6914
5.5977
5.5508
5.5508
5.5508
5.4103
5.5977
5.6445
5.5508
5.6445
5.7382
5.5977
5.5977
5.5977
5.5977
5.6914
5.7851
5.5508
5.6914
5.5508
5.6914
5.5977
5.6445
5.5977
5.5508
5.5977
4.9887
4.8014
4.9419
4.9419
5.0356
4.8950
4.9419
5.0356
5.0356
5.0824
4.9419
4.8482
4.9419
4.9419
4.8950
4.9887
4.6608
4.9419
4.9887
4.9887
4.9887
4.9419
4.9887
4.9419
5.0356
5.0824
5.0356
4.9419
5.0824
4.8950
4.7077
4.9419
5.0824
4.9419
5.1761
4.9419
4.9419
4.9419
4.9887
4.9419
4.8014
5.1761
4.9419
4.9887
1.9908
5.0356
4.9887
4.9419
5.0356
4.9419
4.8482
4.8950
4.8950
4.9419
4.7077
5.0356
4.9419
5.3166
4.9419
4.9887
4.8950
4.9419
5.0824
4.8950
4.9419
4.9419
2.4124
4.9887
4.8950
5.0824
4.9887
4.9887
4.9419
4.9887
5.0356
4.9419
5.0356
4.9419
4.8482
4.9419
4.8014
4.9419
4.9419
4.4266
4.3798
4.4266
4.4266
4.4266
4.4266
4.4266
4.4266
4.4266
4.4266
4.4266
4.4266
4.4266
4.4266
4.4266
4.4266
4.4266
4.2861
4.1924
4.4266
4.4266
4.4735
4.6140
4.3798
4.4266
4.6608
4.4266
4.4735
4.5203
4.3798
4.5203
4.4735
4.3798
4.4266
4.5672
4.3798
4.4735
4.4735
4.3798
4.1924
4.1456
4.4266
4.3329
4.4266
4.2393
4.3798
4.4266
4.4266
4.4735
4.4266
4.3798
4.4266
4.4266
4.4266
4.5203
4.4266
4.2861
4.3798
4.4266
4.4735
4.3798
4.4266
4.5203
4.4266
4.4266
4.3798
4.4735
4.4266
4.4735
4.4266
4.4266
4.5203
4.4266
4.5203
4.4735
4.4266
4.3798
4.4266
4.3329
4.4266
4.3329
4.4266
4.6608
4.4735
4.3329
4.1924
4.4735
4.0050
4.0519
3.9582
4.0050
4.0050
4.0050
4.0519
4.0519
4.0050
4.0050
4.0050
4.1924
4.0050
4.0519
3.7240
4.0050
3.8645
4.0050
4.0519
4.0050
3.8645
4.0050
4.0050
4.0519
4.0050
4.0987
4.1456
4.0050
4.0050
4.0987
4.0519
4.0519
3.6771
4.1924
4.0987
10.1883
4.0519
4.0050
4.2393
4.1924
4.0050
4.0050
4.0050
4.0050
3.9114
4.1456
4.0050
4.0050
4.0050
4.0987
4.0987
4.0050
4.0050
4.0050
4.1456
4.0050
4.0519
3.9582
4.0050
4.0987
4.0519
4.0050
4.0519
4.0050
4.0519
4.0050
4.2393
4.0050
4.2861
3.9582
4.0519
3.9114
4.0050
4.0050
4.0519
4.0050
4.0050
3.3961
4.0519
3.9582
4.0519
4.0050
4.0050
4.0050
4.0050
4.1924
4.0519
4.0050
4.1456
3.9582
3.5366
3.7240
3.6303
3.6771
3.6303
3.6771
3.6771
3.6771
3.6303
3.7240
3.8177
3.6303
3.5835
3.6771
3.9582
3.7240
3.6303
3.7240
3.6771
3.4898
3.4898
3.6771
3.6771
3.6303
3.7708
3.6771
3.9114
3.6771
3.6303
4.0050
3.6771
3.4429
3.6771
3.7708
3.8645
3.6771
3.6771
3.6771
3.6303
3.6771
3.6771
3.7240
3.6771
3.6771
3.6771
3.6771
3.7708
3.6771
3.6303
3.7240
3.6303
3.6771
3.6771
3.6771
3.8177
3.6303
3.6303
3.6771
3.6771
3.8177
3.6303
3.6771
3.6771
3.6771
3.7240
3.7240
3.6771
3.8177
3.7708
3.7708
3.5835
3.7708
3.6771
3.6771
3.7240
3.6771
3.7240
3.6771
3.2556
3.3492
3.3492
3.3492
3.3492
3.4898
3.3961
3.3961
3.4429
3.3961
3.3961
3.4429
3.3492
3.3961
3.4429
3.4429
3.4429
3.5835
3.4898
3.3492
2.8808
3.3492
3.3961
3.4429
3.3961
3.3961
3.3961
3.3492
3.3961
3.3961
3.3492
3.3492
3.3961
3.3492
3.5366
3.3492
3.3492
3.3961
3.4898
3.3961
3.1150
3.3961
3.3961
3.3961
3.3961
3.4429
3.3961
3.3961
3.5366
3.3492
3.3961
3.3961
3.3961
3.4429
3.3492
3.3961
3.3961
3.4898
3.3961
3.4429
3.3961
3.4429
3.3961
3.3492
3.8645
6.9093
3.3024
3.3961
3.3492
3.3492
3.4898
3.2087
5.3635
3.3961
3.3961
3.3961
3.3961
3.4429
3.4898
3.3961
3.3492
3.2087
3.1150
3.0682
3.2556
3.1619
3.1619
3.1150
3.1150
3.1150
3.1619
3.1619
3.2087
3.1150
3.1150
3.1619
3.1150
3.1150
3.0213
3.2087
3.1619
3.1150
3.1619
3.1619
3.1150
3.1619
3.1150
3.1150
1.2413
3.1150
3.1619
3.1150
3.2556
3.2556
3.0682
3.0682
3.1619
3.0682
3.2087
3.1150
3.0682
2.8808
3.0682
3.0213
3.1619
3.1150
3.2087
3.1619
3.1619
3.1619
3.1150
3.1150
3.4429
2.9745
3.1150
3.1150
3.1619
3.1619
3.1150
3.1150
3.1619
3.2087
3.2556
3.1619
3.1619
3.1150
3.1150
3.1619
3.2087
3.1150
3.1150
3.1150
3.1150
3.1619
3.3024
3.1619
3.1619
3.2087
3.1150
3.2556
2.9277
2.7871
12.5304
2.9277
2.8808
2.9745
2.9277
2.9745
2.9277
3.0213
2.9277
2.9277
2.9745
2.9277
2.9745
2.9745
2.9277
2.8808
3.0682
2.8808
2.9277
2.9277
2.9277
2.9745
3.0682
2.9745
2.8808
3.0213
3.0213
2.9277
2.9277
2.9745
2.9277
2.9277
2.9277
2.9277
3.0682
2.9277
2.9277
2.9277
2.9277
2.9277
2.9277
2.9277
2.9277
3.0213
2.9277
2.9277
2.9277
3.0213
2.8808
3.0213
2.9277
2.8808
2.9277
2.9745
3.1150
2.9277
2.9277
2.9277
3.8177
3.1619
2.9277
3.2556
2.7871
3.1150
3.0213
2.9277
2.9277
2.9277
3.0682
2.9277
2.9745
2.8808
2.9745
2.9277
2.7403
2.7403
2.7403
2.8808
2.8340
2.6934
2.7871
2.6934
2.7403
2.7871
3.0213
2.7403
2.5998
2.7403
2.7403
2.7403
2.7871
2.7403
2.7403
2.7871
2.7403
2.7403
2.7871
2.7403
2.7871
2.7871
2.8340
2.9277
2.7403
2.7403
2.6466
2.7403
2.7403
2.7871
2.7403
2.7403
2.8340
2.8340
2.7871
2.5529
2.6934
2.7403
2.8340
2.7403
2.6466
2.7403
2.7871
2.6466
2.7403
2.7403
2.7871
2.6466
2.7403
2.7403
2.7403
2.7871
2.7403
2.9277
2.7403
2.6934
2.7871
2.7871
2.7403
2.7403
2.7403
2.7403
2.9277
2.8340
2.8808
2.7871
2.6466
2.7403
2.7871
2.7403
