33.9374
53.0024
57.6866
52.7213
52.7213
16.7931
59.8414
52.3934
40.0270
52.3466
52.3934
52.3934
44.3833
52.2997
52.2060
52.2529
52.1592
16.9804
52.0655
52.0655
39.1838
51.9718
61.1998
34.4996
51.9250
50.8945
52.2060
22.3673
28.2695
27.7074
52.1124
51.6439
51.8313
51.7845
51.9250
38.3406
51.8781
31.5016
51.8781
50.6134
51.7845
52.8150
51.7845
27.5669
52.1124
51.8781
52.1592
51.8781
19.7910
51.8781
28.1290
51.9250
51.9250
52.1124
29.8621
51.7376
51.9718
57.2650
51.9250
51.9250
20.3999
52.1124
58.6703
52.1592
32.8132
52.0187
52.2529
52.4871
49.3955
63.6356
52.4403
51.5503
40.6359
52.0187
51.0350
18.4794
52.7213
52.8150
52.7213
1.8971
52.9555
43.9149
32.8601
52.9555
43.8681
49.3955
55.6724
49.8171
52.5808
52.3934
48.8802
52.5339
52.3934
52.2529
52.1124
33.4690
36.7012
51.9718
57.3119
18.1983
61.9025
28.0353
63.6825
51.9250
44.5707
51.3629
60.9188
51.8781
57.1245
26.9111
51.5503
5.3635
51.8313
63.3546
51.6439
51.7376
51.5034
16.6994
51.1287
51.4566
43.5870
51.4566
51.1755
51.5971
51.5503
51.5971
51.0818
51.1755
52.0187
37.3101
49.7702
51.1287
27.0984
51.6908
51.6908
49.0208
61.3403
11.3125
8.8767
51.7376
51.6908
51.8313
51.8313
52.0655
51.3160
51.5971
51.6439
51.6439
51.5034
51.9250
50.8476
52.2997
52.2060
58.3424
28.7379
51.9250
52.2529
28.7848
52.3934
24.9905
45.0860
40.4954
52.5339
58.3893
52.7213
52.8150
53.0024
52.7682
52.9555
61.0593
53.1897
58.8577
52.4871
52.3934
33.1411
0.6324
28.2695
52.2060
56.3750
52.2060
32.1106
47.4281
6.3940
52.0187
50.3323
52.0187
6.6282
19.5099
49.4892
51.5971
51.6908
35.5769
41.8070
61.4809
50.8008
29.2063
5.6445
51.9718
51.4566
49.6297
51.2224
51.3629
53.5176
39.4649
51.5034
62.1835
21.6178
31.8295
51.7845
16.5120
30.7521
1.7098
51.4566
51.3160
51.3629
51.3160
24.0537
13.1862
51.5971
62.6988
64.6193
51.6908
38.9964
40.7296
4.4735
51.7376
51.8781
51.6908
51.9250
64.8067
43.9149
51.8313
48.9739
52.1124
52.2060
3.2087
51.8781
51.8313
37.3570
43.9149
52.0655
52.3466
52.5339
52.6276
54.9229
52.7682
61.3872
52.7682
52.6276
52.8618
52.3466
15.8094
51.9718
51.9718
46.9128
45.6012
38.5749
5.0356
19.3694
51.7376
22.8358
56.3282
39.6991
51.4566
51.6908
51.3160
51.5971
49.7234
51.4566
42.5565
51.4566
51.1287
51.1755
16.6525
28.4569
51.9250
51.5034
51.3160
51.1755
64.9941
50.8476
6.4877
51.1755
35.2490
47.8497
51.1287
51.2224
51.2224
51.2692
51.1755
50.9881
51.1755
51.1755
51.0350
51.3160
21.7584
24.6626
51.3160
27.1453
64.6193
51.3160
51.5034
51.5503
51.2692
52.1124
23.3042
62.4177
51.6908
12.8583
45.6012
51.5971
51.5503
31.4079
51.7376
51.6439
51.9718
17.1678
51.4097
51.6908
52.1592
46.7255
52.1592
18.5262
52.6745
57.4524
47.7092
52.4871
60.5440
55.9066
52.6276
51.9718
52.2997
63.5419
39.7459
39.0433
47.0065
51.7376
49.8639
55.7192
51.6908
56.4687
21.9926
36.0922
43.2591
51.5971
60.8251
51.1287
51.9250
23.2105
51.3160
13.7015
51.0818
51.4566
51.3629
56.9371
33.5627
62.2304
44.3833
54.7824
59.3730
51.1287
51.0350
51.1287
51.0350
51.0350
51.0350
18.0110
50.8008
50.9881
51.1755
50.9413
51.1755
50.9413
50.8945
51.0818
51.0350
22.9294
55.3445
50.9881
27.8479
34.1717
50.4260
51.1287
50.9413
51.1755
46.0697
27.5669
51.2692
32.9537
22.8826
51.4097
27.7074
51.4566
51.5034
34.6869
51.6439
51.8781
51.4566
50.3792
51.7376
51.7845
46.6786
52.0655
52.0187
34.4996
52.1124
52.3466
64.9004
60.6377
64.1509
48.2244
55.7192
55.4382
51.9718
51.9718
51.9250
59.7945
50.0981
47.5218
51.4097
51.5034
58.4830
51.5034
51.4097
38.3406
51.2692
62.2772
51.3160
46.0228
58.6703
51.0350
51.0818
56.1877
42.0412
60.1224
50.9881
51.0350
51.0818
50.9413
51.0350
50.8476
50.9881
50.8476
50.4260
61.9493
33.5627
50.8945
33.1880
50.7071
50.9413
28.7848
61.3403
8.2209
51.0350
39.8864
51.0350
32.8132
46.1634
50.8008
50.4260
50.8945
62.3709
51.1287
50.9881
45.8355
51.0350
51.0350
51.1755
58.5766
51.0818
51.1755
51.2692
50.8008
27.2858
51.2224
46.1634
51.1287
36.1859
51.5034
61.2467
37.2633
51.5503
51.5503
25.4121
53.6113
45.0391
60.5440
51.9718
51.7376
52.1124
51.9250
23.7726
31.3611
52.0655
11.9683
52.1124
64.1041
52.2529
51.6908
25.5058
41.7133
51.7376
51.4566
33.1880
51.6439
51.3160
51.3160
64.3851
51.1287
51.0350
51.0350
50.8476
50.6602
50.8008
50.9413
50.7071
50.3792
50.2855
50.8008
50.7071
50.8008
50.9881
51.0818
50.8476
50.5666
54.2671
50.5197
50.7539
41.8538
50.8008
17.3083
46.5849
60.5440
50.9881
64.5725
50.7539
50.7539
58.7172
46.5849
50.8008
50.6134
10.8441
35.6706
50.6602
39.0901
55.2040
50.5197
50.7071
50.9881
50.4260
51.0350
32.8132
50.8476
51.0818
51.1287
51.2224
51.1287
19.1820
50.6602
51.3160
51.3629
51.3160
20.0252
51.5034
51.6908
51.5034
60.7314
51.6908
51.6439
7.5182
32.9069
51.7845
49.6765
57.9208
51.7845
52.0655
51.8781
37.6848
36.0454
51.6439
51.2692
51.5034
51.6439
57.7335
43.8681
8.5019
32.8132
29.8621
50.8008
48.8802
3.5366
51.0818
30.3306
51.1287
30.0495
50.8945
50.8476
0.1171
44.8986
8.3146
50.7071
50.7071
50.6602
50.9881
50.7071
40.4954
60.8251
50.7071
50.5197
21.9926
46.0228
50.7071
26.7705
62.5114
50.3323
50.6602
5.5977
50.6602
50.6134
50.5197
50.3323
50.8945
54.3140
50.7071
1.2413
50.8008
50.8008
44.8049
50.8008
50.8476
50.8476
51.4566
50.6134
20.9152
50.9881
50.7071
61.0124
51.0350
46.4913
46.6318
6.7688
51.1755
11.8277
51.2224
51.3629
50.9881
51.3160
51.5503
51.5971
47.2407
51.6439
59.4198
51.5034
51.8313
51.9250
40.8701
56.3750
52.0187
51.9250
52.0187
51.5034
51.5034
51.4097
44.3365
51.3160
35.3896
39.9801
30.2837
51.1755
51.1287
20.6810
35.1553
62.1367
51.1287
50.7539
51.3160
50.5666
50.8476
50.4729
44.1960
49.6765
32.8132
50.6602
50.3323
11.5467
50.9413
56.5156
50.3792
50.6134
50.0044
50.8008
50.5666
52.2997
50.3792
50.5666
50.4729
50.5197
50.4260
55.2040
55.7192
60.7782
31.3143
50.4729
50.4729
62.0898
50.6134
52.7682
50.5197
50.4729
50.4729
44.4770
50.4729
50.6134
50.6134
12.4835
58.2956
50.5666
54.9698
50.5197
51.1287
50.6134
50.6134
50.5666
62.1835
44.8986
50.8476
50.8008
50.8945
50.8476
55.7192
22.2268
50.8476
12.3430
54.9698
51.1755
18.3857
46.8660
29.4874
45.6481
51.6439
50.8945
51.5503
51.4566
51.5971
43.8681
51.5503
51.6908
51.6439
50.9413
51.7845
51.7845
50.1450
23.4447
32.9537
63.7762
51.3160
51.1755
51.2224
51.0818
46.9128
50.9413
51.1287
49.0676
50.9413
50.8945
50.9881
50.8476
64.1977
26.5363
44.7581
64.1977
50.5197
60.6377
50.7071
27.5669
23.1637
50.5666
38.9028
4.8482
57.4993
50.6134
1.8034
39.5117
57.1245
50.3323
57.9677
60.4972
50.3792
50.4260
50.3792
6.5345
62.3709
1.4755
36.2796
50.4729
38.9496
25.7400
55.2508
50.4729
50.4729
5.2229
50.2387
50.4729
1.8971
50.4729
50.5666
33.1880
50.6602
10.9377
63.7762
50.5666
50.5197
50.2855
43.2591
50.4260
50.7539
44.0086
51.5034
50.8476
50.9881
50.9413
51.0818
5.9256
51.1287
51.0818
50.8945
34.1717
46.3976
51.2224
51.2692
51.5034
28.8784
51.5971
63.6825
51.7376
23.6321
51.2692
51.5503
40.7765
50.8476
17.7768
41.9944
49.8639
50.9413
50.8008
43.8681
55.7661
50.7071
50.8008
56.2345
50.9413
39.9801
50.4260
50.4260
50.1918
22.2736
61.1530
50.3323
60.2161
6.3940
50.1918
50.2387
50.4260
50.3792
27.4263
64.8067
50.1918
50.3323
44.8518
50.5666
50.2855
36.7480
25.5995
50.2387
54.9698
31.9701
50.3792
50.2855
32.8132
50.1450
50.3323
6.8624
57.4524
50.8008
50.8008
63.9167
51.5503
44.8518
54.1266
51.0818
50.8945
61.7151
18.8541
51.4097
51.2224
51.0350
49.8171
51.5503
51.5034
50.3792
51.7376
49.0676
51.3160
51.1755
25.0374
50.8476
60.5440
44.6175
50.9881
50.9413
64.1977
51.1287
48.2713
50.7539
50.8945
50.1450
49.1613
50.5666
50.3792
51.1287
50.6602
50.8945
50.6602
14.0762
50.4729
50.2387
50.4729
55.7192
50.3792
50.1450
50.3323
59.1387
49.8171
50.2855
64.9004
50.1450
50.2855
62.8393
49.8171
42.6502
35.2959
50.3792
38.6217
43.8681
50.2855
5.8787
50.1450
49.9108
52.6745
50.4260
58.9045
0.0234
50.3323
50.2855
50.3323
50.3792
50.2855
50.0981
52.9555
6.8156
50.5197
50.4729
40.4017
62.3240
33.9374
50.6134
50.7071
55.3445
50.6602
44.9923
16.9804
50.9881
23.3979
50.8945
50.9413
51.0818
51.4097
51.2224
51.1287
61.7151
40.6828
48.8802
22.7889
51.4097
56.8903
51.5503
51.2692
51.2224
51.0818
51.1287
4.7545
53.7519
50.9881
50.9881
50.9881
50.9413
50.8945
54.9698
50.8008
53.8924
58.7640
60.4503
50.6602
50.4729
18.6199
18.6199
18.6668
50.4729
54.9229
50.4260
50.3792
50.2387
11.2188
50.1918
39.6522
50.2387
3.3961
49.9108
61.0124
24.7095
64.5256
50.3323
50.2855
50.3323
21.8521
54.9229
52.9555
50.1918
49.9108
49.9576
7.1903
50.4729
50.2387
49.7702
50.0513
50.0981
8.8767
39.8864
49.4892
39.5117
56.9371
25.4121
50.2855
50.2387
64.5256
50.0044
63.3077
16.7462
50.1918
58.8108
50.3323
50.2387
49.3955
50.1450
29.3469
49.6765
50.4260
50.3323
50.3792
50.2387
13.7951
21.1963
50.7071
44.7581
57.4524
50.8476
51.0818
50.9413
50.9881
9.1109
51.0350
51.0818
62.8862
50.9413
51.2224
51.8781
39.1838
51.4566
50.8945
29.3000
40.2143
51.5503
51.6439
50.8008
51.0818
51.0818
50.9881
50.9881
51.0350
19.0883
50.8945
50.8008
43.1186
50.0981
50.5666
13.3267
50.3323
50.6134
39.6054
50.1918
50.6134
18.2452
34.5464
18.5731
62.4177
50.0513
30.1900
50.0981
34.9680
63.8698
49.9108
33.9374
28.4569
28.0821
46.8660
60.4972
50.0044
50.1918
7.4245
23.6321
50.0044
50.1918
19.9315
50.1450
50.0981
49.6297
38.3406
40.4954
40.2612
15.3878
20.4468
50.2387
55.8129
50.0044
50.1450
50.2387
50.1450
29.8153
39.2775
50.2387
47.5218
50.3323
33.7501
50.4729
45.7886
19.0883
50.0513
50.4729
47.2876
50.6602
50.6602
56.9371
57.9208
64.8535
50.7539
52.1124
32.4385
50.8945
50.8476
33.6564
51.1287
51.1287
51.1755
13.5609
51.2692
51.0818
20.5405
62.2304
23.3510
51.4566
46.2102
13.9357
51.2224
51.1755
51.1287
51.0350
59.5603
59.2793
22.2736
50.8008
50.8945
61.8556
56.0940
38.9028
50.2387
50.7071
62.9330
50.0981
4.5672
44.0554
38.8559
8.0335
18.4794
18.3389
50.3792
50.1918
50.4729
50.2855
58.1551
50.0044
42.7907
50.1450
49.7702
50.0513
40.3080
46.5849
64.7599
40.3549
32.4385
40.0738
40.1207
57.7335
29.8621
40.1675
40.3080
40.4486
32.8601
40.4954
40.6828
40.2612
49.3955
56.1408
40.6828
40.9170
29.4406
12.7646
40.8233
47.2407
40.3080
41.0107
50.3323
50.1918
58.8577
50.4260
50.3792
11.0783
50.5666
50.7071
50.5666
50.7539
50.7071
60.6377
19.9784
50.5197
50.8476
50.8945
16.2310
51.1755
24.7095
44.3365
54.2671
2.3187
49.3955
51.2224
1.0540
51.5034
51.5503
32.4853
50.9413
50.9881
57.5929
41.2449
50.6134
49.9576
50.7071
50.7071
50.4260
50.7071
50.2387
57.5461
50.4729
7.4714
50.4260
50.3792
35.7175
18.4326
18.4794
62.6988
50.3323
50.2855
50.2855
20.0252
50.3323
50.1918
50.3323
46.0228
50.6602
50.1918
49.5829
50.3323
42.2286
40.4017
40.3549
40.2612
40.4017
41.9475
40.3080
55.4850
40.2612
40.1207
40.1675
25.3653
24.9437
40.1675
58.5766
40.4486
40.5422
40.5422
40.6828
40.6359
40.7296
40.7296
50.2387
60.7314
64.9472
50.2855
49.7702
50.4729
50.4729
47.3813
50.5197
50.7071
50.8476
50.8008
51.0818
3.2556
50.8008
41.5259
50.9413
50.8476
50.8476
0.6324
51.1755
50.9881
49.3955
51.0350
21.9926
51.0818
51.4566
51.3160
51.3629
42.0412
50.5666
51.0350
50.7539
50.9413
51.1755
47.1939
50.6134
55.9066
40.1675
50.6602
50.8008
50.6602
50.8476
50.7071
54.9229
50.7071
2.1313
50.6134
35.8111
50.5666
50.3323
49.9108
50.4729
50.1918
61.6214
18.4794
18.3857
50.3323
50.5666
17.9173
4.2861
49.7234
50.2855
25.7400
59.4198
49.8639
59.6072
50.1450
50.0513
60.3567
14.8725
40.2143
40.3080
43.6807
18.0110
50.1450
36.3733
50.0513
29.9558
18.7604
61.1998
40.4954
40.3080
55.0634
50.2855
50.3323
50.0981
60.4503
50.3323
32.8132
50.2387
57.2650
6.1598
39.4180
38.3406
50.8945
50.6602
40.4954
50.8476
50.7539
50.7071
16.1373
51.1755
51.4097
33.6564
51.2692
64.4320
51.4097
27.6137
27.6137
40.6359
27.6605
11.5467
27.5200
27.7542
27.7074
27.7074
27.7074
27.5669
27.7542
27.4263
27.6137
27.7074
60.4503
27.7074
27.5200
27.4732
27.6605
27.7074
27.7074
27.4263
27.6605
18.2452
28.1290
27.6137
27.6605
27.7542
27.6605
27.5669
27.2858
27.7542
27.7542
27.6137
27.7074
27.7074
27.7542
27.7542
27.7542
27.7542
27.6605
38.5749
27.7542
27.8011
27.6137
27.8479
27.7542
27.8011
27.3795
27.6605
27.6137
27.7542
27.8948
27.7542
27.5669
27.4263
27.7542
27.5669
47.3344
27.7542
27.7074
27.7542
27.7074
45.4607
28.0353
27.7074
27.7542
27.6605
28.0821
27.8011
27.6605
28.4100
27.7542
23.4915
16.5588
16.7462
16.6057
16.6057
16.6525
16.6525
16.6057
16.4183
16.6994
16.4183
16.6057
16.5588
16.6525
16.6525
16.6525
43.8681
16.7462
16.6525
16.6525
16.6994
17.0273
16.5120
16.5120
16.7462
16.6994
16.6525
16.5588
16.6525
55.6256
16.6525
16.5588
16.6525
16.6994
16.6525
46.2570
16.8399
16.6525
16.6525
16.5588
16.6525
16.5120
16.7462
16.6525
16.4652
16.6525
16.2778
16.6057
16.5120
16.6525
18.4326
47.4749
16.6525
16.8399
16.6525
16.6525
16.3715
16.5588
16.9336
63.2609
16.3715
16.6525
16.6525
16.6525
16.5588
24.1473
16.6057
16.5120
16.5588
16.4652
16.6994
16.6525
16.6057
16.6994
16.6994
16.6525
16.6057
16.6994
16.4652
16.6994
16.6057
16.6525
16.6057
16.9336
16.6525
16.5588
11.9683
11.8746
11.9214
11.9683
11.9214
11.6872
12.0620
11.4999
11.8746
23.2573
11.8746
11.8746
11.8277
12.1088
44.1960
11.9214
11.8746
11.6872
12.0620
11.8746
11.9214
11.8746
11.8277
11.8746
11.8746
11.9214
11.9214
11.9214
57.8740
11.7809
11.8746
11.6404
11.8277
11.8746
11.9214
11.9214
11.8746
11.9214
11.9214
11.8746
11.9683
11.9214
11.8277
11.8746
11.7341
11.8277
11.9214
12.0151
11.9214
11.9214
52.5339
11.7341
11.8277
11.7341
11.9214
11.9214
11.9214
11.9214
11.9214
11.8746
11.9214
11.8746
12.0151
11.5935
30.0495
11.9214
11.8746
11.8746
11.8746
11.9683
11.9683
11.9214
27.3326
30.2837
11.8277
11.8746
11.9214
11.5935
11.8746
11.9214
11.9214
11.8746
11.8277
11.9683
11.9214
58.1082
9.4856
9.2983
9.2983
9.2514
9.2514
49.5360
9.2514
9.2046
9.0640
9.2983
9.2514
9.2514
9.2514
30.0495
9.2983
9.2514
9.2983
9.2983
9.2514
9.2046
9.2046
9.2514
9.2514
9.2983
9.2514
9.2514
46.4913
9.1577
9.2046
9.2514
9.2046
9.2514
9.2046
9.3919
0.6792
9.2983
9.2983
9.2983
59.9351
9.2514
9.2514
9.2046
52.0187
9.2046
9.2046
41.4791
63.2609
9.2983
9.2514
9.2983
9.3451
9.2983
9.2983
9.2046
37.5443
9.2046
9.2046
9.2514
9.2983
9.2983
6.8624
9.3451
9.2046
9.2514
9.2983
9.4388
9.2514
25.3184
11.7809
9.2046
9.2046
9.2514
9.2514
40.4017
9.2514
9.2514
41.5259
9.2514
9.2514
9.2983
9.2983
52.0187
9.2514
9.1577
53.5176
9.9072
9.2046
9.2983
7.6119
7.5182
7.8930
7.6119
7.5651
7.5651
7.6119
7.5651
7.6119
7.4714
40.8233
7.6588
42.5565
7.5182
7.5651
7.5651
7.7056
7.5651
7.6588
7.5182
59.4198
7.5182
7.7524
7.6588
7.6119
7.6119
7.5182
7.3777
7.6119
7.5651
11.3593
7.7524
7.5182
7.6119
7.6119
58.7172
7.5182
56.8435
7.1903
7.5651
7.6588
30.4711
7.5651
7.6119
7.6119
7.4714
7.4714
7.5651
7.5651
7.5182
7.5182
7.6119
7.5182
7.4245
7.8461
7.6588
7.5651
7.6119
7.5651
7.5182
7.6119
7.7056
7.8930
7.7993
7.5182
7.6119
7.5182
7.3777
7.6119
7.5651
7.2372
7.6119
43.6339
7.5651
7.5182
7.5651
7.6119
7.4245
7.5651
7.2840
7.5651
7.5651
7.5651
6.3472
6.4409
6.3003
6.1598
6.3472
6.3472
6.3003
6.4409
6.0661
6.1598
6.4409
6.4409
6.4877
6.3940
6.3940
30.9395
6.3940
6.2535
6.4409
6.3003
6.4409
6.3940
32.0637
6.3940
6.3940
6.3940
6.3940
6.3940
6.3472
6.2066
6.2535
6.4409
6.4409
6.3940
61.3403
6.4409
6.4409
6.3940
6.3472
6.4409
6.6282
6.5345
6.4409
6.3940
6.3003
60.4503
6.3940
6.4409
6.3940
6.4409
6.3940
6.3940
6.4409
6.4409
6.3472
6.4409
6.3940
6.4409
63.7293
6.3940
6.3003
6.4409
6.4877
6.4409
6.2066
6.3472
6.4409
6.6751
6.3940
6.4409
33.8906
6.3003
6.3940
6.3940
6.3940
6.3940
6.3003
6.3472
6.3940
6.3472
6.3940
6.4409
6.3472
6.4409
6.3472
6.3940
6.3940
5.5040
5.5040
5.5508
5.5508
5.5977
5.5508
5.5508
5.5508
54.5013
5.4103
5.5508
5.5508
5.5040
5.5977
5.5977
5.5040
5.6445
5.5508
5.5977
5.5508
5.4572
5.3635
5.5040
5.6914
5.5040
5.5508
5.5508
5.5508
5.8787
5.6445
5.5508
5.6914
5.5977
5.5508
5.5508
5.5977
5.5508
5.4572
43.8681
5.5508
5.5977
5.5508
5.5977
5.5977
5.2698
5.4103
5.5508
5.5508
5.5508
5.5977
5.5508
5.5508
5.5977
5.5508
5.5977
58.1082
5.5977
53.8455
5.5508
5.5508
5.5040
5.5040
5.5508
5.4103
5.5508
5.6445
5.5040
5.6445
45.6481
5.4103
5.5040
5.5977
5.5977
5.5508
5.6914
5.5040
5.6445
5.2229
38.4812
5.5977
5.5977
5.5040
5.5508
5.5977
4.8014
50.3323
57.4524
4.8950
64.0104
4.8482
4.9419
5.0356
5.0356
4.9419
4.8482
4.8482
4.9419
4.9419
32.4853
4.9419
4.6608
4.9419
4.9887
4.7545
4.8950
4.9419
5.1761
45.8823
4.8950
4.9419
4.9419
4.9419
4.9419
4.8950
4.7077
4.8014
4.9419
4.6140
63.7293
4.7077
4.9419
4.8950
55.4382
4.8950
36.1390
5.1761
4.9419
59.3261
44.0086
4.8014
4.7545
4.9419
4.9887
4.9419
4.8482
43.8681
4.8950
4.9419
4.7077
4.8482
46.1165
61.2935
4.9419
4.9887
58.9045
39.4180
4.9887
4.8950
4.7545
4.8482
59.5603
4.8950
4.7545
5.0824
4.9419
4.8950
4.8482
58.2019
5.1761
4.9419
55.5319
50.7071
4.8482
4.9419
4.8014
4.9419
4.9419
34.9211
4.3798
4.4266
4.4266
4.4266
4.4266
59.4198
4.3329
4.3798
4.3798
4.4266
4.4266
4.4266
4.3798
4.3798
4.3798
4.4266
59.7477
56.3282
4.3798
4.4266
4.4735
4.5672
4.3798
4.3798
24.9437
61.4809
4.4266
4.4266
4.3798
47.3344
62.4646
47.3813
4.4266
4.3798
4.2861
4.4266
4.4735
4.3798
4.1924
4.0987
58.8577
4.3329
4.4266
4.2393
4.3329
4.4266
4.4266
4.4735
4.4266
4.3798
4.2393
4.4266
4.3798
4.5203
4.3798
4.2393
4.3798
4.1924
4.3329
4.3329
4.4266
4.4735
4.3798
4.4266
46.8192
4.4266
4.4266
4.4735
4.4266
4.4266
4.4266
4.3798
4.5203
4.4266
4.0987
4.3798
4.3798
4.3329
45.0391
4.3329
4.4266
4.4266
4.4735
4.3329
4.1924
4.3798
4.0050
4.0050
3.9582
4.0050
3.9582
3.8645
4.0519
3.9582
46.7723
4.0050
3.9582
3.9114
3.9582
27.3326
3.6771
4.0050
3.8645
4.0050
43.2591
3.9582
3.8645
4.0050
4.0050
4.0050
3.9114
4.0987
4.0050
4.0050
4.0050
4.0050
4.0050
3.8645
3.6771
3.9114
4.0519
10.1414
3.7708
4.0050
63.9635
4.0519
4.0050
3.9582
4.0050
4.0050
3.9114
3.9582
4.0050
4.0050
3.9582
4.0050
4.0050
3.9114
3.9582
3.9582
4.0050
4.0050
4.0519
3.7240
4.0050
21.8521
4.0519
4.0050
4.0050
4.0050
4.0050
3.9114
4.0519
3.9582
10.8441
3.7708
15.0599
3.9114
4.0050
4.0050
4.0519
3.9582
4.0050
61.7151
3.7240
3.9582
4.0519
44.4302
4.0050
4.0050
4.0050
3.9582
4.0050
59.6072
59.6540
3.9582
3.5366
3.4898
3.6303
3.6303
3.6303
28.5037
3.6771
3.6771
3.6303
3.6303
34.0311
3.5366
3.5835
3.6303
3.6771
3.6771
3.6303
3.6771
3.5835
3.4898
3.4898
3.6771
3.6771
3.5835
3.5366
3.6771
3.8645
3.6771
3.5366
3.8177
3.6771
3.3961
3.6303
3.7708
3.7240
3.6771
63.7762
3.6771
3.6303
3.6771
3.6771
3.4898
3.6771
3.6771
3.6771
3.6771
3.6303
3.6771
3.6303
3.6303
3.6303
3.6303
3.6771
3.6303
3.8177
3.6303
3.6303
3.5835
3.6771
3.6771
3.6303
29.1127
3.5835
3.6303
3.6771
3.6771
3.5366
3.8177
3.5835
3.4898
3.5835
3.5835
29.7685
3.6771
3.7240
3.6303
3.7240
3.6771
3.2556
43.9149
3.2087
3.3492
53.5645
3.4898
39.0901
3.3024
3.3492
3.3961
3.3961
3.3492
3.3492
3.3492
3.2556
3.4429
3.4429
3.3492
46.6318
3.3024
2.8808
3.3492
3.3961
3.3961
3.3961
3.3492
28.0821
3.3492
3.3492
3.3492
3.3492
3.2556
3.3961
3.2087
3.5366
3.3492
3.2556
3.3492
34.9211
3.3492
3.0682
3.3961
3.3961
3.3961
3.3492
3.3961
3.3961
3.3961
55.1571
3.3492
3.3961
3.3492
3.3961
3.3961
3.3492
3.3961
3.3492
3.4429
3.3492
3.4429
3.3961
34.7338
3.3961
3.3492
60.5440
22.1800
3.3024
3.3492
3.3492
3.3492
64.9941
3.2087
40.6359
3.3961
3.3961
3.3961
3.3961
3.3961
3.3961
3.3961
3.3492
3.1619
41.4323
3.0213
3.0682
3.1150
3.1619
2.8808
3.0213
3.1150
3.1619
3.1619
3.1619
3.1150
3.1150
3.1619
3.1150
3.1150
3.0213
3.1150
3.1150
3.1150
3.1619
3.1619
3.1150
3.0682
3.1150
31.6422
1.1945
3.0213
3.1619
3.1150
3.2556
3.2087
3.0682
3.0213
3.0213
3.0682
3.2087
3.1150
3.0682
2.6466
3.0682
2.9745
3.1619
3.1150
3.1150
3.0213
3.1619
3.0213
3.1150
3.0682
3.1619
2.9745
3.1150
3.1150
3.1619
3.0682
3.1150
3.1150
3.1150
3.1150
3.1150
3.0682
3.1619
3.1150
3.0682
3.1150
3.1619
3.1150
3.1150
45.6481
3.1150
27.7074
3.0682
3.1619
3.1150
3.2087
2.9745
3.2556
2.9277
2.6934
55.4382
2.9277
2.8808
2.9277
2.8340
2.9745
2.8808
3.0213
2.9277
2.7871
2.9745
2.9277
2.9277
2.9277
2.9277
2.8808
2.9745
2.8808
55.5787
2.9277
2.8340
2.8808
2.8340
2.8808
2.8808
2.8808
2.9745
2.9277
2.9277
2.9277
2.9277
2.9277
2.9277
36.5138
2.9277
2.9277
2.9277
2.8340
2.9277
2.8340
2.9277
52.5339
31.3143
2.9277
2.7403
2.9277
2.9277
2.9277
2.8808
2.9745
2.9277
2.7871
2.8808
2.8808
3.1150
2.9277
2.9277
2.9277
19.4162
2.9277
2.6934
3.1150
2.7871
2.9277
3.0213
2.9277
2.8808
2.9277
2.9277
2.9277
2.9277
2.7871
2.9745
2.9277
2.7403
2.6934
2.6466
2.7403
2.8340
2.6466
2.7403
2.6934
2.7403
2.7871
2.7871
2.6466
2.5998
2.7403
2.7403
2.7403
2.7403
2.5998
2.7403
27.9416
2.7403
2.7403
2.6934
2.6934
2.6934
2.7403
2.7403
2.9277
2.7403
2.7403
2.6466
51.2692
61.4340
49.3955
2.6934
2.6934
2.7871
2.6934
2.7403
2.5529
2.5998
2.7403
2.8340
2.6934
33.8906
2.7403
2.7403
2.6466
2.7403
2.7403
2.6934
2.6466
2.5529
2.6934
2.7403
2.6466
2.7403
2.7403
37.4975
2.5998
2.7871
2.6934
2.7403
2.7403
2.7403
2.5998
2.7403
2.8340
2.6934
2.6934
2.6466
2.7403
2.7871
2.7403
