33.9374
53.0024
57.6866
52.7213
52.7213
16.7931
59.8414
52.3934
40.0270
52.3466
52.3934
52.3934
52.2997
52.2997
52.2060
52.2529
52.1592
16.9804
52.0655
52.0655
39.1838
51.9718
51.8781
51.7376
51.9250
50.8945
52.2060
52.1124
51.9718
27.7074
52.1124
51.6439
51.8313
51.7845
51.9250
37.8254
51.8781
51.9250
51.8781
50.6134
51.7845
52.8150
51.7845
27.5669
52.1124
51.8781
52.1592
51.8781
53.1897
51.8781
28.1290
51.9250
51.9250
52.1124
29.8621
51.7376
51.9718
57.2650
51.9250
51.9250
20.3999
20.9152
52.2997
52.1592
52.6745
52.0187
52.2529
52.4871
49.3955
52.3466
52.4403
51.5503
51.0350
52.0187
51.0350
18.4794
52.7213
52.8150
52.7213
52.7213
52.9555
43.9149
32.8601
52.9555
53.0024
49.3955
55.6724
49.8171
52.5808
52.3934
51.9718
52.5339
52.3934
52.2529
52.1124
33.4690
36.7012
51.9718
52.1124
18.1983
61.9025
28.0353
63.6825
51.9250
51.7845
51.3629
60.9188
51.8781
51.6439
63.4014
51.5503
51.8313
51.8313
51.7845
51.6439
51.7376
51.5034
16.6994
51.1287
51.4566
50.7071
51.4566
51.1755
51.5971
51.5503
51.5971
51.0818
51.1755
52.0187
37.3101
49.7702
51.1287
27.0984
51.6908
51.6908
51.3160
61.3403
51.6908
51.7845
51.7376
51.6908
51.8313
51.8313
52.0655
51.3160
51.5971
51.6439
51.6439
51.5034
51.9250
50.8476
52.2997
52.2060
52.1124
28.7379
51.9250
52.2529
28.7848
52.3934
53.0024
16.6057
40.4954
52.5339
58.3893
52.7213
52.8150
53.0024
52.7682
52.9555
61.0593
53.1897
52.6276
52.4871
52.3934
33.1411
0.6324
28.2695
52.2060
56.3750
52.2060
32.1106
47.4281
6.3940
52.0187
50.3323
52.0187
6.6282
19.5099
49.4892
51.5971
51.6908
51.7845
41.8070
50.0981
50.8008
33.1411
5.6445
51.9718
51.4566
49.6297
51.2224
51.3629
53.5176
39.4649
51.5034
51.4566
21.6178
31.8295
51.7845
51.2692
30.7521
1.7098
51.4566
51.3160
51.3629
51.3160
24.0537
13.1862
51.5971
62.6988
64.6193
51.6908
52.0655
51.7376
51.7845
51.7376
51.8781
51.6908
51.9250
51.2224
43.9149
51.8313
48.9739
52.1124
52.2060
3.2087
51.8781
51.8313
37.3570
43.9149
52.0655
52.3466
52.5339
52.6276
52.2529
52.7682
61.3872
52.7682
52.6276
52.8618
52.3466
15.8094
51.9718
51.9718
46.9128
45.6012
38.5749
5.0356
19.3694
51.7376
22.8358
56.3282
39.6991
51.4566
51.6908
51.3160
51.5971
49.7234
51.4566
42.5565
51.4566
51.1287
51.1755
61.2467
28.4569
51.9250
51.5034
51.3160
51.1755
50.8476
50.8476
51.1287
51.1755
51.1755
47.8497
51.1287
51.2224
51.2224
51.2692
51.1755
50.9881
51.1755
51.1755
51.0350
51.3160
51.5971
24.6626
51.3160
51.3160
51.4566
51.3160
51.5034
51.5503
51.2692
52.1124
23.3042
62.4177
51.6908
51.9718
45.6012
51.5971
51.5503
51.5034
51.7376
51.6439
51.9718
51.7845
51.4097
51.6908
52.1592
51.7845
52.1592
18.5262
20.4468
57.4524
47.7092
52.4871
52.5808
55.9066
52.6276
51.9718
52.2997
63.5419
51.7376
39.0433
51.4097
51.7376
49.8639
55.7192
51.6908
56.4687
21.9926
36.0922
43.2591
51.5971
60.8251
51.1287
51.9250
23.2105
51.3160
51.1755
51.0818
51.4566
51.3629
52.4871
33.5627
62.2304
61.9025
3.4429
59.3730
51.1287
51.0350
51.1287
51.0350
51.0350
51.0350
50.9881
50.8008
50.9881
51.1755
50.9413
51.1755
50.9413
50.8945
51.0818
51.0350
22.9294
55.3445
50.9881
27.8479
40.3549
50.4260
51.1287
50.9413
51.1755
51.1287
51.1287
27.2858
51.3160
22.8826
51.4097
51.3629
51.4566
51.5034
34.6869
51.6439
51.8781
51.4566
50.3792
51.7376
51.7845
50.9881
52.0655
52.0187
51.0350
52.1124
52.3466
52.2529
60.6377
64.1509
48.2244
55.7192
55.4382
51.9718
51.9718
51.9250
51.8313
50.0981
16.7931
51.4097
51.5034
51.5034
51.5034
51.4097
50.9881
51.2692
51.4097
51.3160
51.3629
44.8986
51.0350
51.0818
56.1877
42.0412
60.1224
50.9881
51.0350
51.0818
50.9413
51.0350
50.8476
50.9881
50.8476
50.4260
50.9413
50.8945
50.8945
50.5666
50.7071
50.9413
51.2692
61.3403
8.2209
7.4245
50.5197
51.0350
32.8132
46.1634
50.8008
50.4260
50.8945
50.9881
51.1287
50.9881
49.6765
51.0350
51.0350
51.1755
50.6602
51.0818
51.1755
51.2692
50.8008
51.1755
51.2224
46.1634
46.0228
36.1859
51.5034
61.2467
37.2633
51.5503
51.5503
51.5503
53.6113
45.0391
60.5440
51.9718
51.7376
52.1124
51.9250
51.3629
22.4610
52.0655
51.8313
52.1124
64.1041
52.2529
51.6908
51.8313
51.5971
51.7376
51.4566
50.8476
51.6439
51.3160
51.3160
64.3851
51.1287
51.0350
51.0350
50.8476
50.6602
50.8008
50.9413
50.7071
50.3792
50.2855
50.8008
50.7071
50.8008
50.9881
51.0818
50.8476
50.5666
54.2671
50.5197
50.7539
41.8538
50.8008
50.3323
16.9804
50.3323
50.9881
51.3629
50.7539
50.7539
58.7172
46.5849
50.8008
50.6134
50.0981
35.6706
50.6602
50.8476
55.2040
50.5197
50.7071
50.9881
50.4260
51.0350
50.4729
32.9069
51.0818
51.1287
51.2224
51.1287
50.6602
50.6602
51.3160
51.3629
51.3160
51.4566
17.0741
51.6908
51.5034
51.5971
51.6908
51.6439
7.5182
32.9069
51.7845
49.6765
51.5034
51.7845
52.0655
51.8781
51.6439
36.0454
51.6439
51.2692
51.5034
51.6439
22.3205
43.8681
8.5019
32.8132
33.0006
50.8008
48.8802
3.5366
51.0818
50.7539
51.1287
50.4260
50.8945
50.8476
0.1171
51.2692
8.3146
50.7071
50.7071
50.6602
50.9881
50.7071
40.4954
60.8251
50.7071
50.5197
51.1755
46.0228
50.7071
50.6134
50.1918
50.3323
50.6602
50.4729
50.6602
50.6134
50.5197
50.3323
50.8945
54.3140
50.7071
50.7539
2.1313
50.8008
44.8049
50.8008
50.8476
50.8476
51.4566
50.6134
50.6602
50.9881
50.7071
61.0124
51.0350
46.4913
46.6318
6.7688
51.1755
50.8008
51.2224
51.3629
50.9881
51.3160
51.5503
51.5971
50.7539
51.6439
59.4198
51.5034
51.8313
51.9250
51.8781
56.3750
52.0187
51.9250
52.0187
51.5034
51.5034
51.4097
44.3365
51.3160
51.0350
39.9801
30.2837
51.1755
51.1287
20.6810
19.6036
62.1367
51.1287
50.7539
51.3160
50.5666
50.8476
50.4729
44.1960
49.6765
49.3955
50.6602
50.3323
50.2855
50.9413
50.3792
50.3792
50.6134
50.0044
50.8008
50.5666
52.2997
50.3792
50.5666
50.4729
50.5197
50.4260
50.0513
55.7192
60.7782
50.4260
50.4729
50.4729
50.6602
50.6134
52.7682
50.5197
50.4729
50.4729
50.5666
50.4729
50.6134
50.6134
12.4835
58.2956
50.5666
50.6602
50.5197
51.1287
50.6134
50.6134
50.5666
49.3955
50.7071
50.8476
50.8008
50.8945
50.8476
50.5197
39.5117
50.8476
50.7071
54.9698
51.1755
51.1287
18.4794
51.3160
51.4097
51.6439
50.8945
51.5503
51.4566
51.5971
51.2692
51.5503
51.6908
51.6439
50.9413
51.7845
51.7845
50.1450
23.4447
21.8989
51.4097
51.3160
51.1755
51.2224
51.0818
50.3792
50.9413
51.1287
49.0676
50.9413
50.8945
50.9881
50.8476
50.5666
26.5363
44.7581
46.5381
50.5197
50.6602
50.7071
50.6134
27.8011
50.5666
49.9576
4.8482
57.4993
50.6134
50.4729
1.5224
50.1450
50.3323
50.3323
50.1918
50.3792
50.4260
50.3792
50.3792
49.8639
1.4755
36.2796
50.4729
50.5666
25.7400
49.9576
50.4729
50.4729
5.2229
50.2387
50.4729
1.8971
50.4729
50.5666
33.1880
50.6602
50.7071
50.2855
50.5666
50.5197
50.2855
50.8476
50.4260
50.7539
50.8476
51.5034
50.8476
50.9881
50.9413
51.0818
51.0350
51.1287
51.0818
50.8945
51.3629
46.3976
51.2224
51.2692
51.5034
51.5503
51.5971
51.7845
51.7376
23.6321
51.2692
51.5503
50.7539
50.8476
17.7768
18.1515
49.8639
50.9413
50.8008
49.4892
55.7661
50.7071
50.8008
27.7074
50.9413
50.3792
50.4260
50.4260
50.1918
50.6602
61.1530
50.3323
60.2161
6.3940
50.1918
50.2387
50.4260
50.3792
27.4263
64.8067
50.1918
50.3323
50.8945
50.5666
50.2855
50.1918
25.5995
50.2387
49.7234
31.9701
50.3792
50.2855
50.4260
50.1450
50.3323
50.5197
51.8313
50.8008
50.8008
50.7539
51.5503
52.2060
54.1266
51.0818
50.8945
51.1287
18.8541
51.4097
51.2224
51.0350
49.8171
51.5503
51.5034
50.3792
51.7376
49.0676
51.3160
51.1755
50.5666
50.8476
51.2224
62.1367
50.9881
50.9413
64.1977
51.1287
50.7071
50.7539
50.8945
50.1450
49.1613
50.5666
50.3792
51.1287
50.6602
50.8945
50.6602
50.4729
50.4729
50.2387
50.4729
51.0350
50.3792
50.1450
50.3323
50.4260
49.8171
50.2855
49.3955
50.1450
50.2855
50.3792
60.5909
42.6502
35.2959
50.3792
38.6217
43.8681
50.2855
5.8787
50.1450
49.9108
52.6745
50.4260
58.9045
0.0234
50.3323
50.2855
50.3323
50.3792
50.2855
50.0981
52.9555
6.8156
50.5197
50.4729
40.4017
62.3240
33.9374
50.6134
50.7071
50.2855
50.6602
50.5666
50.4729
50.9881
23.3979
50.8945
50.9413
51.0818
51.4097
51.2224
51.1287
50.9413
40.6828
48.8802
22.7889
51.4097
56.8903
51.5503
51.2692
51.2224
51.0818
51.1287
50.8008
53.7519
50.9881
50.9881
50.9881
50.9413
50.8945
54.9698
50.8008
53.8924
50.6602
50.2855
50.6602
50.4729
18.6199
18.6199
18.6668
50.4729
54.9229
50.4260
50.3792
50.2387
11.2188
50.1918
50.0981
50.2387
50.0513
49.9108
49.6765
24.7095
64.5256
50.3323
50.2855
50.3323
21.8521
54.9229
52.9555
50.1918
49.9108
49.9576
50.1450
50.4729
50.2387
49.7702
50.0513
50.0981
8.8767
39.8864
49.4892
50.0513
56.9371
25.4121
50.2855
50.2387
50.8945
50.0044
50.0981
50.0513
50.1918
50.6602
50.3323
50.2387
49.3955
50.1450
29.3469
49.6765
50.4260
50.3323
50.3792
50.2387
50.2387
21.1963
50.7071
50.7539
50.4260
50.8476
51.0818
50.9413
50.9881
51.0350
51.0350
51.0818
51.4097
50.9413
51.2224
51.8781
51.3629
51.4566
50.8945
29.3000
40.2143
51.5503
51.6439
50.8008
51.0818
51.0818
50.9881
50.9881
51.0350
50.9413
50.8945
50.8008
50.8008
50.0981
50.5666
50.8008
50.3323
50.6134
50.0981
50.1918
50.6134
18.2452
18.1515
18.5731
62.4177
50.0513
50.1450
50.0981
34.9680
63.8698
49.9108
50.0981
28.4569
28.0821
27.7542
60.4972
50.0044
50.1918
50.2855
23.6321
24.1005
50.1918
19.9315
50.1450
50.0981
49.6297
38.3406
40.4954
40.2612
40.6828
20.4468
50.2387
49.6765
50.0044
50.1450
50.2387
50.1450
50.1918
23.0700
50.2387
49.6297
50.3323
50.1450
50.4729
50.2387
19.0883
50.0513
50.4729
50.3792
50.6602
50.6602
49.8171
57.9208
50.3323
50.7539
52.1124
32.4385
50.8945
50.8476
51.0818
51.1287
51.1287
51.1755
50.7071
51.2692
51.0818
20.5405
20.1189
51.2692
51.4566
51.5971
13.9357
51.2224
51.1755
51.1287
51.0350
50.2855
59.2793
22.2736
50.8008
50.8945
61.8556
56.0940
38.9028
50.2387
50.7071
50.6602
23.3042
4.5672
44.0554
38.8559
39.6522
18.4794
18.3389
50.3792
50.1918
50.4729
50.2855
58.1551
50.0044
42.7907
50.1450
49.7702
50.0513
40.3080
40.6359
64.7599
40.3549
40.4486
40.0738
40.1207
41.1512
29.8621
40.1675
40.3080
40.4486
42.1817
40.4954
40.6828
40.2612
40.5422
56.1408
40.6828
40.9170
29.4406
28.5974
40.8233
40.7765
40.3080
41.0107
50.3323
50.1918
49.7234
50.4260
50.3792
11.0783
50.5666
50.7071
50.5666
50.7539
50.7071
50.8476
51.5034
50.5197
50.8476
50.8945
16.2310
51.1755
24.7095
44.3365
54.2671
2.3187
49.3955
51.2224
51.4566
51.5034
51.5503
51.4566
50.9413
50.9881
50.9413
50.9881
50.6134
49.9576
50.7071
50.7071
50.4260
50.7071
50.2387
57.5461
50.4729
50.6134
50.4260
50.3792
49.8171
18.4326
18.4794
62.6988
50.3323
50.2855
50.2855
50.1450
50.3323
50.1918
50.3323
50.7539
50.6602
50.1918
49.5829
50.3323
0.1171
40.4017
40.3549
40.2612
40.4017
41.9475
40.3080
28.3163
40.2612
40.1207
40.1675
39.7928
24.9437
40.1675
40.3549
40.4486
40.5422
40.5422
40.6828
40.6359
40.7296
40.7296
50.2387
50.3323
64.9472
50.2855
49.7702
50.4729
50.4729
50.4729
50.5197
50.7071
50.8476
50.8008
51.0818
3.2556
50.8008
41.5259
50.9413
50.8476
50.8476
50.9881
51.1755
50.9881
49.3955
51.0350
52.0187
51.0818
51.4566
51.3160
51.3629
51.1755
50.5666
51.0350
50.7539
50.9413
51.1755
47.1939
50.6134
50.8008
50.7539
50.6602
50.8008
50.6602
50.8476
50.7071
50.6602
50.7071
50.3792
50.6134
50.8945
50.5666
50.3323
49.9108
50.4729
50.1918
50.2387
49.8171
18.3857
50.3323
50.5666
49.7234
4.2861
49.7234
50.2855
50.0044
50.0044
49.8639
50.1918
50.1450
50.0513
60.3567
14.8725
40.2143
40.3080
43.6807
50.2855
50.1450
36.3733
50.0513
29.9558
29.7685
61.1998
61.3872
40.3080
55.0634
50.2855
50.3323
50.0981
50.9413
50.3323
50.2855
50.2387
57.2650
6.1598
51.1755
50.7071
50.8945
50.6602
40.4954
50.8476
50.7539
50.7071
51.2692
51.1755
51.4097
51.1287
51.2692
51.4566
51.4097
27.6137
27.6137
40.6359
27.6605
29.1595
27.5200
27.7542
27.7074
27.7074
27.7074
27.5669
27.7542
27.4263
27.6137
27.7074
27.9416
27.7074
27.5200
27.4732
27.6605
27.7074
27.7074
27.4263
27.6605
27.7542
28.1290
27.6137
27.6605
27.7542
27.6605
27.5669
27.2858
27.7542
27.7542
27.6137
27.7074
27.7074
27.7542
27.7542
27.7542
27.7542
27.6605
27.7074
27.7542
27.8011
27.6137
27.8479
27.7542
27.8011
27.3795
27.6605
27.6137
27.7542
27.8948
27.7542
27.5669
27.4263
27.7542
27.5669
27.6137
27.7542
27.7074
27.7542
27.7074
27.6137
28.0353
27.7074
27.7542
27.6605
28.0821
27.8011
27.6605
28.4100
27.7542
23.4915
16.5588
16.7462
16.6057
16.6057
16.6525
16.6525
16.6057
16.4183
16.6994
16.4183
16.6057
16.5588
16.6525
16.6525
16.6525
16.8399
16.7462
16.6525
16.6525
16.6994
17.0273
16.5120
16.5120
16.7462
16.6994
16.6525
16.5588
16.6525
16.6057
16.6525
16.5588
16.6525
16.6994
16.6525
16.4183
16.8399
16.6525
16.6525
16.5588
16.6525
16.5120
16.7462
16.6525
16.4652
16.6525
16.2778
16.6057
16.5120
16.6525
18.4326
47.4749
16.6525
16.8399
16.6525
16.6525
16.3715
16.5588
16.9336
16.4183
16.3715
16.6525
16.6525
16.6525
16.5588
16.9336
16.6057
16.5120
16.5588
16.4652
16.6994
16.6525
16.6057
16.6994
16.6994
16.6525
16.6057
16.6994
16.4652
16.6994
16.6057
16.6525
16.6057
16.9336
16.6525
16.5588
11.9683
11.8746
11.9214
11.9683
11.9214
11.6872
12.0620
11.4999
11.8746
11.8746
11.8746
11.8746
11.8277
12.1088
11.7341
11.9214
11.8746
11.6872
12.0620
11.8746
11.9214
11.8746
11.8277
11.8746
11.8746
11.9214
11.9214
11.9214
11.5935
11.7809
11.8746
11.6404
11.8277
11.8746
11.9214
11.9214
11.8746
11.9214
11.9214
11.8746
11.9683
11.9214
11.8277
11.8746
11.7341
11.8277
11.9214
12.0151
11.9214
11.9214
11.8277
11.7341
11.8277
11.7341
11.9214
11.9214
11.9214
11.9214
11.9214
11.8746
11.9214
11.8746
12.0151
11.5935
11.9214
11.9214
11.8746
11.8746
11.8746
11.9683
11.9683
11.9214
27.3326
30.2837
11.8277
11.8746
11.9214
11.5935
11.8746
11.9214
11.9214
11.8746
11.8277
11.9683
11.9214
11.9683
9.4856
9.2983
9.2983
9.2514
9.2514
9.3451
9.2514
9.2046
9.0640
9.2983
9.2514
9.2514
9.2514
9.2514
9.2983
9.2514
9.2983
9.2983
9.2514
9.2046
9.2046
9.2514
9.2514
9.2983
9.2514
9.2514
9.5325
9.1577
9.2046
9.2514
9.2046
9.2514
9.2046
9.3919
9.2046
9.2983
9.2983
9.2983
9.2514
9.2514
9.2514
9.2046
9.2983
9.2046
9.2046
9.2046
9.1109
9.2983
9.2514
9.2983
9.3451
9.2983
9.2983
9.2046
9.2046
9.2046
9.2046
9.2514
9.2983
9.2983
6.8624
9.3451
9.2046
9.2514
9.2983
9.4388
9.2514
8.9235
11.7809
9.2046
9.2046
9.2514
9.2514
8.9704
9.2514
9.2514
41.5259
9.2514
9.2514
9.2983
9.2983
9.0640
9.2514
9.1577
8.9704
9.9072
9.2046
9.2983
7.6119
7.5182
7.8930
7.6119
7.5651
7.5651
7.6119
7.5651
7.6119
7.4714
7.7993
7.6588
42.5565
7.5182
7.5651
7.5651
7.7056
7.5651
7.6588
7.5182
7.6119
7.5182
7.7524
7.6588
7.6119
7.6119
7.5182
7.3777
7.6119
7.5651
7.6119
7.7524
7.5182
7.6119
7.6119
7.6119
7.5182
7.4714
7.1903
7.5651
7.6588
7.5651
7.5651
7.6119
7.6119
7.4714
7.4714
7.5651
7.5651
7.5182
7.5182
7.6119
7.5182
7.4245
7.8461
7.6588
7.5651
7.6119
7.5651
7.5182
7.6119
7.7056
7.8930
7.7993
7.5182
7.6119
7.5182
7.3777
7.6119
7.5651
7.2372
7.6119
43.6339
7.5651
7.5182
7.5651
7.6119
7.4245
7.5651
7.2840
7.5651
7.5651
7.5651
6.3472
6.4409
6.3003
6.1598
6.3472
6.3472
6.3003
6.4409
6.0661
6.1598
6.4409
6.4409
6.4877
6.3940
6.3940
6.3003
6.3940
6.2535
6.4409
6.3003
6.4409
6.3940
6.4877
6.3940
6.3940
6.3940
6.3940
6.3940
6.3472
6.2066
6.2535
6.4409
6.4409
6.3940
6.3940
6.4409
6.4409
6.3940
6.3472
6.4409
6.6282
6.5345
6.4409
6.3940
6.3003
6.3940
6.3940
6.4409
6.3940
6.4409
6.3940
6.3940
6.4409
6.4409
6.3472
6.4409
6.3940
6.4409
6.3940
6.3940
6.3003
6.4409
6.4877
6.4409
6.2066
6.3472
6.4409
6.6751
6.3940
6.4409
5.9724
6.3003
6.3940
6.3940
6.3940
6.3940
6.3003
6.3472
6.3940
6.3472
6.3940
6.4409
6.3472
6.4409
6.3472
6.3940
6.3940
5.5040
5.5040
5.5508
5.5508
5.5977
5.5508
5.5508
5.5508
5.4103
5.4103
5.5508
5.5508
5.5040
5.5977
5.5977
5.5040
5.6445
5.5508
5.5977
5.5508
5.4572
5.3635
5.5040
5.6914
5.5040
5.5508
5.5508
5.5508
5.8787
5.6445
5.5508
5.6914
5.5977
5.5508
5.5508
5.5977
5.5508
5.4572
5.4572
5.5508
5.5977
5.5508
5.5977
5.5977
5.2698
5.4103
5.5508
5.5508
5.5508
5.5977
5.5508
5.5508
5.5977
5.5508
5.5977
5.5977
5.5977
5.5977
5.5508
5.5508
5.5040
5.5040
5.5508
5.4103
5.5508
5.6445
5.5040
5.6445
45.6481
5.4103
5.5040
5.5977
5.5977
5.5508
5.6914
5.5040
5.6445
5.2229
5.6914
5.5977
5.5977
5.5040
5.5508
5.5977
5.1761
4.6140
4.8014
4.8950
4.8950
4.8482
4.9419
5.0356
5.0356
4.9419
4.8482
4.8482
4.9419
4.9419
4.8950
4.9419
4.6608
4.9419
4.9887
4.7545
4.8950
4.9419
4.9887
4.8482
4.8950
4.9419
4.9419
4.9419
4.9419
4.8950
4.7077
4.8014
4.9419
4.6140
4.6140
38.8559
4.9419
4.8950
4.6608
4.8950
4.8014
5.1761
5.2229
4.9887
44.0086
4.8014
4.7545
4.9419
4.9887
4.9419
4.8482
4.8950
4.8950
4.9419
4.7077
4.8482
4.8950
61.2935
5.1761
4.9887
4.8950
4.9419
4.9887
4.8950
4.7545
4.8482
59.5603
4.8950
4.7545
5.0824
4.9419
4.8950
4.8482
4.8950
5.1761
4.9419
4.8014
50.7071
4.8482
4.9419
4.8014
4.9419
4.9419
4.4266
4.3798
4.4266
4.4266
4.4266
4.4266
4.3798
4.3329
4.3798
4.3798
4.4266
4.4266
4.4266
4.3798
4.3798
4.3798
4.4266
4.2393
56.3282
4.3798
4.4266
4.4735
4.5672
4.3798
4.3798
4.4266
4.3329
4.4266
4.4266
4.3798
4.4735
4.3329
47.3813
4.4266
4.3798
4.2861
4.4266
4.4735
4.3798
4.1924
4.0987
4.4266
4.3329
4.4266
4.2393
4.3329
4.4266
4.4266
4.4735
4.4266
4.3798
4.2393
4.4266
4.3798
4.5203
4.3798
4.2393
4.3798
4.1924
4.3329
4.3329
4.4266
4.4735
4.3798
4.4266
4.2861
4.4266
4.4266
4.4735
4.4266
4.4266
4.4266
4.3798
4.5203
4.4266
4.0987
4.3798
4.3798
4.3329
4.3329
4.3329
4.4266
4.4266
4.4735
4.3329
4.1924
4.3798
4.0050
4.0050
3.9582
4.0050
3.9582
3.8645
4.0519
3.9582
3.6771
4.0050
3.9582
3.9114
3.9582
4.0050
3.6771
4.0050
3.8645
4.0050
4.0519
3.9582
3.8645
4.0050
4.0050
4.0050
3.9114
4.0987
4.0050
4.0050
4.0050
4.0050
4.0050
3.8645
3.6771
3.9114
4.0519
4.0050
3.7708
4.0050
4.0519
4.0519
4.0050
3.9582
4.0050
4.0050
3.9114
3.9582
4.0050
4.0050
3.9582
4.0050
4.0050
3.9114
3.9582
3.9582
4.0050
4.0050
4.0519
3.7240
4.0050
4.0050
4.0519
4.0050
4.0050
4.0050
4.0050
3.9114
4.0519
3.9582
4.2393
3.7708
4.0050
3.9114
4.0050
4.0050
4.0519
3.9582
4.0050
3.3024
3.7240
3.9582
4.0519
4.0050
4.0050
4.0050
4.0050
3.9582
4.0050
3.9114
4.0987
3.9582
3.5366
3.4898
3.6303
3.6303
3.6303
3.5835
3.6771
3.6771
3.6303
3.6303
3.7240
3.5366
3.5835
3.6303
3.6771
3.6771
3.6303
3.6771
3.5835
3.4898
3.4898
3.6771
3.6771
3.5835
3.5366
3.6771
3.8645
3.6771
3.5366
3.8177
3.6771
3.3961
3.6303
3.7708
3.7240
3.6771
3.6771
3.6771
3.6303
3.6771
3.6771
3.4898
3.6771
3.6771
3.6771
3.6771
3.6303
3.6771
3.6303
3.6303
3.6303
3.6303
3.6771
3.6303
3.8177
3.6303
3.6303
3.5835
3.6771
3.6771
3.6303
3.6771
3.5835
3.6303
3.6771
3.6771
3.5366
3.8177
3.5835
3.4898
3.5835
3.5835
3.6771
3.6771
3.7240
3.6303
3.7240
3.6771
3.2556
3.3492
3.2087
3.3492
3.3024
3.4898
3.3024
3.3024
3.3492
3.3961
3.3961
3.3492
3.3492
3.3492
3.2556
3.4429
3.4429
3.3492
3.4898
3.3024
2.8808
3.3492
3.3961
3.3961
3.3961
3.3492
3.3961
3.3492
3.3492
3.3492
3.3492
3.2556
3.3961
3.2087
3.5366
3.3492
3.2556
3.3492
3.3961
3.3492
3.0682
3.3961
3.3961
3.3961
3.3492
3.3961
3.3961
3.3961
3.2087
3.3492
3.3961
3.3492
3.3961
3.3961
3.3492
3.3961
3.3492
3.4429
3.3492
3.4429
3.3961
34.7338
3.3961
3.3492
3.8645
56.2345
3.3024
3.3492
3.3492
3.3492
3.3024
3.2087
3.2087
3.3961
3.3961
3.3961
3.3961
3.3961
3.3961
3.3961
3.3492
3.1619
3.1150
3.0213
3.0682
3.1150
3.1619
2.8808
3.0213
3.1150
3.1619
3.1619
3.1619
3.1150
3.1150
3.1619
3.1150
3.1150
3.0213
3.1150
3.1150
3.1150
3.1619
3.1619
3.1150
3.0682
3.1150
2.9745
1.1945
3.0213
3.1619
3.1150
3.2556
3.2087
3.0682
3.0213
3.0213
3.0682
3.2087
3.1150
3.0682
2.6466
3.0682
2.9745
3.1619
3.1150
3.1150
3.0213
3.1619
3.0213
3.1150
3.0682
3.1619
2.9745
3.1150
3.1150
3.1619
3.0682
3.1150
3.1150
3.1150
3.1150
3.1150
3.0682
3.1619
3.1150
3.0682
3.1150
3.1619
3.1150
3.1150
3.0682
3.1150
3.1619
3.0682
3.1619
3.1150
3.2087
2.9745
3.2556
2.9277
2.6934
55.4382
2.9277
2.8808
2.9277
2.8340
2.9745
2.8808
3.0213
2.9277
2.7871
2.9745
2.9277
2.9277
2.9277
2.9277
2.8808
2.9745
2.8808
2.9277
2.9277
2.8340
2.8808
2.8340
2.8808
2.8808
2.8808
2.9745
2.9277
2.9277
2.9277
2.9277
2.9277
2.9277
2.9277
2.9277
2.9277
2.9277
2.8340
2.9277
2.8340
2.9277
1.4287
31.3143
2.9277
2.7403
2.9277
2.9277
2.9277
2.8808
2.9745
2.9277
2.7871
2.8808
2.8808
3.1150
2.9277
2.9277
2.9277
2.8340
2.9277
2.6934
3.1150
2.7871
2.9277
3.0213
2.9277
2.8808
2.9277
2.9277
2.9277
2.9277
2.7871
2.9745
2.9277
2.7403
2.6934
2.6466
2.7403
2.8340
2.6466
2.7403
2.6934
2.7403
2.7871
2.7871
2.6466
2.5998
2.7403
2.7403
2.7403
2.7403
2.5998
2.7403
2.5998
2.7403
2.7403
2.6934
2.6934
2.6934
2.7403
2.7403
2.9277
2.7403
2.7403
2.6466
2.5998
61.4340
2.7403
2.6934
2.6934
2.7871
2.6934
2.7403
2.5529
2.5998
2.7403
2.8340
2.6934
2.5529
2.7403
2.7403
2.6466
2.7403
2.7403
2.6934
2.6466
2.5529
2.6934
2.7403
2.6466
2.7403
2.7403
2.6934
2.5998
2.7871
2.6934
2.7403
2.7403
2.7403
2.5998
2.7403
2.8340
2.6934
2.6934
2.6466
2.7403
2.7871
2.7403
