3.9535447728796895 -0.20853248022426318 1.0608202597646788
4.496429402552083 -0.2236467448368889 1.206300709354423
6.711752197457266 -0.3136521731973225 1.8003699520310166
6.486659623509025 -0.28362809642780307 1.7397533278181976
7.347286367844368 -0.2772328707970372 1.970164098301954
16.212693300881828 -0.5138071488781084 4.346583227697732
12.68633158858629 -0.3641674824562322 3.400820100969638
4.229473050298442 -0.09604114691332125 1.133570401386156
8.301081678162513 -0.16343640336974524 2.2247855794498945
50.555871499478684 -0.8436226672013127 13.548383271947383
22.41748070470142 -0.30693887866020064 6.0074668229717565
36.35335723113967 -0.38874411760429745 9.741731880737296
3.370789111587427 -0.025872556755398516 0.9032250085170264
11.19817067980364 0.08171630602332879 3.000589628942283
50.553612678361944 0.9752748103369667 13.5479746003041
50.550442439256386 1.12754692131501 13.547986518138405
50.591890858454775 1.280287632023813 13.56059757184346
16.440518794388698 0.46553005157114963 4.406990904510245
50.38603958379464 2.032001353271149 13.512380306984538
50.33468396984807 2.1825138521523253 13.499569162780091
2.8249131755873207 0.13093935336088355 0.7577253632646823
4.992872043479718 0.261418436326578 1.3397389180684542
0.9261565540894934 0.05129049504379749 0.2485546467786061
2.9133947462217242 0.17009554293038634 0.7819541220320223
50.1423880108549 3.229306402984189 13.463196292653562
5.214113358407332 0.35150624084899607 1.4002897337060014
29.99198660461123 2.1123254252563464 8.056222713942066
21.547114980600075 1.5825623421618746 5.789079524066932
9.632013844210421 0.7364818519779467 2.58841739227774
3.315131680389904 0.2634882591447754 0.8910871388186843
50.42407384383047 4.3124019887672835 13.560395629892506
49.73489573067656 4.403839878731698 13.378533014543205
2.184103761698493 0.2132203402732465 0.5880114408991147
8.756209847267874 0.881347330901075 2.3580743845185816
6.1431950340188095 0.6369626574611148 1.6548925484776107
11.311551014870071 1.2414960873577563 3.049115595228763
6.402573127554855 0.7610979697474114 1.7276421032027451
30.339366065504088 3.6988944899476763 8.189619474406232
49.813470533546564 6.224818733511981 13.451311474291511
48.537926725320126 6.213394164473471 13.111798740231713
2.399225740063546 0.32177188824245545 0.6486261713448005
50.94555784178592 6.988207272699873 13.778631095396584
26.728000060377763 3.7480311463506664 7.231824517950617
26.35836467608624 3.776859695690823 7.134838333943897
49.89559148500486 7.3023386286728975 13.511929429718853
14.256743433848124 2.3933317653899917 3.8735477487961405
49.661397150913494 8.490137050443296 13.499827796084332
4.870594821724679 0.9080797481046916 1.3275600715865408
18.826631115712683 3.5685197255406003 5.134387659819489
4.95095128756431 0.9692475374859233 1.3517858444453306
26.69292302414907 5.308868550809189 7.292426261340028
2.594518790420245 0.5241105834929873 0.709242153588537
49.14640765268088 10.23533190827034 13.45126725643548
7.016455914594337 1.4832353930683482 1.9216033454653303
2.632241009396864 0.564696160900329 0.7213542294281
13.497633734961592 2.9804897389559617 3.7037970561040483
49.01884049126221 11.442759614861329 13.487726385447298
5.468463690426003 -0.28843793655844957 1.3686082979604952
1.5204945857488488 -0.07562748888080757 0.380480403745081
50.37290303269414 -2.2026220245395427 12.601075014291693
19.913440775140046 -0.7509365208291783 4.980272190018825
2.7030324813706494 -0.06948024030776717 0.6758064152270287
20.245050819993963 -0.15570054810197123 5.060019090397037
17.15522347431558 -0.0802218124122704 4.287644763399245
8.293663134405422 -0.014102783682731412 2.0729048131780714
31.061381097470992 0.040610123785505735 7.7634297024909005
41.78592644863372 0.18051190146889673 10.443902870708875
50.91957347775206 0.3722264582980908 12.726120803982305
27.606184049913107 0.2850356914548683 6.900182205342131
4.112441842896941 0.054749942037333084 1.027856518506994
17.92073849180554 0.5073237740191907 4.480845774698586
33.36278762021467 1.045172399484251 8.342539881463413
3.1111141210970903 0.10676997975790994 0.7780262122401634
18.546806615981126 0.803590143763389 4.6396213498781576
5.243227080521477 0.24302181232965556 1.3118141144301811
18.178512350234747 0.8968669028515742 4.548618103438904
51.2060489368043 2.8350846798740283 12.816893008040072
51.12283640548238 3.4461877714158233 12.806389526421132
51.0526014026358 4.366155350762226 12.805967455705924
1.8333167718644536 0.16233032487587315 0.459985749372947
20.698596040022725 1.9580209157106747 5.196210765124422
10.060649050123436 1.0126443223862887 2.527132449356229
31.709535694578918 3.2878314966444906 7.9675392747007034
41.00823240269611 4.376376943537962 10.30719613738548
10.228339976593446 1.1536711018628845 2.572539669654648
3.7694777133590716 0.43662562763586693 0.9483911586370102
9.53376673174546 1.220428118236397 2.4021779602855036
23.36333135330054 3.0620294495056877 5.889041529505775
9.469440006870094 1.3568651447924478 2.390838993980039
3.709662028209646 0.5429178715329485 0.9370208488767104
18.7648948891489 2.8038363927953864 4.741903364855687
50.38385178846844 7.682837319260314 12.737823161491397
50.1780936621477 8.114298908210765 12.703756657813537
50.10873433333405 8.257426452384157 12.692367133628611
0.8734706924453113 0.1493289821442305 0.22147091125219207
23.035032523718684 4.009224143430802 5.843586112050895
11.823112348403585 2.167642736542276 3.0041573483661232
6.276845220222674 1.1702628190397524 1.5957834990188717
4.442615874036724 0.8420817448464522 1.1300969740483644
17.32893677885715 3.60896000380123 4.423876224007076
3.1769724341348993 0.6815577032793144 0.8120750518564148
26.70958686424117 5.813893115703389 6.831714427633238
5.831523333047206 1.3060520083061367 1.4935527468842615
49.168778446311286 11.167009000379254 12.601473379053878
13.706470052521311 3.1562469337004533 3.5152508918771237
6.292860624878275 1.5288361111764128 1.6184947670658651
39.437882078310054 -2.0804430595616377 9.164889235186221
0.15946066193674693 -0.007929765904792548 0.037048969046246084
40.95412348492301 -1.9133391505254764 9.513520089154376
26.18948887842313 -1.1451090882651536 6.083313297284941
36.35995518283194 -1.4810661356075112 8.44426143628972
5.22151669264631 -0.18121234162783195 1.2124593872199192
6.316601516233343 -0.20030198461183238 1.466518220166117
4.264677916338592 -0.1224106056826308 0.9900434099120783
50.431064774346105 -1.1444967279186813 11.706078472976786
2.8969375977621783 -0.057085985991661835 0.672416533761074
23.474483246016593 -0.3214107363881294 5.447883233056734
16.31184467826103 -0.17420766578387312 3.785312314917956
18.000570355952036 -0.13858854039989837 4.1771383071297175
3.9012901727108993 -0.018260417629022325 0.9053322845548906
2.4412053367092303 0.010493323334729642 0.5665188471602398
50.39711228955123 0.36866215000318375 11.695059420692111
7.825134877664501 0.08065554153744724 1.8160069052671235
8.326404667454078 0.13578678758917123 1.9324928724616686
50.34333832967531 0.9722055260978643 11.685114756769359
4.812065858735204 0.13633021890379005 1.117054990861539
0.7525243142422261 0.023575323127888185 0.17471625743954977
49.81607796617283 1.8598814438715738 11.568535660701947
14.382759534709278 0.6233819127835879 3.340741324548139
36.30545824606926 1.6825437487072508 8.433641567354409
30.557748303413806 1.5080559480719515 7.099716071273238
1.7085115350048505 0.09461640889572616 0.39708894459937644
26.35215551770914 1.538276425452992 6.125429598760181
50.30361224889998 3.08774005398384 11.695798811169082
50.22841932167825 3.537711069328169 11.684575194486625
9.302014697664154 0.7393285985365068 2.165387789248406
0.06824848735985418 0.005630551313486974 0.015891219745444798
11.113075022166834 0.9840029319557609 2.588920775457231
8.610911638930835 0.7885000926333495 2.006557061347293
11.557882377936478 1.1283235058142682 2.6948133449299307
12.322557012966294 1.2776548114019728 2.8748258530033763
28.714713319012525 3.326078751139583 6.7079202580339725
8.903662110174793 1.0583970160753755 2.0806868923988726
8.712702680187206 1.115322792755947 2.038323554938661
28.16268524808373 4.035398710922894 6.602020641534594
12.258034095211324 1.7939924795149937 2.8748265937409796
49.890263407861966 7.454565400736755 11.705789679910021
6.605333521885642 1.0275122024817636 1.5512322516002872
18.590003115198094 2.948990593018805 4.367849518837814
19.472382921351542 3.2088571376818336 4.579609982761103
6.007572450845145 1.008513202626149 1.413589975196202
7.305054781667405 1.2714374060287854 1.7206519605629107
50.06592420066341 9.17897493727843 11.811655745247547
17.327555519545523 3.28437537692507 4.092537133675864
1.456215930018193 0.28054947132468544 0.3441350306212497
35.37772171948797 7.036218757135813 8.370345175092755
41.04965708966619 8.677643672223107 9.736297756783355
3.279173688468842 0.7034829965011533 0.7782621695080706
9.117847231270511 1.9846877271953967 2.16537871577529
3.1836416605234907 0.7130215120447895 0.757077763998252
15.863176164543127 3.602778767373351 3.774862578430453
9.842427884863369 2.2975765069999015 2.3453850186581597
4.951018978364631 1.1714160006004246 1.1806269687799615
10.220954899842537 -0.5698793804275549 2.193982888982576
51.57054604227026 -2.719712178757685 11.06825061004677
51.624121650781845 -2.5674187828343675 11.078281627528108
51.821694797001776 -2.2656474408685368 11.117392260781541
22.950845864534774 -0.934280267586512 4.923044457849784
51.885861551593955 -1.8009934221355746 11.12697752996064
1.259076926472145 -0.036139804380671985 0.269960085502993
52.03730447414909 -1.3374338620112127 11.15642385755618
29.878431281752963 -0.6786472193548893 6.4051370893391395
51.31690246629069 -0.7025945036555241 10.998979436231377
51.318729066820595 -0.5489572444512908 10.999198121682644
4.786173442120356 -0.036777076664776844 1.0257759153800445
0.8014957667466223 -0.001357300476267527 0.1717870298441099
8.08410917863785 0.010724527591660843 1.7326070132523443
19.6685240978638 0.37997935211795253 4.216030445065016
8.26330473234316 0.25867033644895837 1.7718918046755883
0.43486232348332093 0.01493084968254368 0.09325679247349682
8.124309725740432 0.30329490933016584 1.7424628656628087
6.384194093808889 0.2574546480916614 1.3694791443288574
6.245315502252123 0.2893657377444476 1.339976771122891
7.388124486061331 0.36461206192827605 1.5853746032901537
11.00037983700454 0.5759768488504567 2.3608552414776085
50.77710877658909 2.9645501384643387 10.901459372807397
6.467628842941723 0.4164986375399379 1.3890072983522022
19.079215733774554 1.2863897694901976 4.098433186601984
8.292556171928872 0.5840308504282375 1.7817754379136612
3.4015820654633484 0.27035937729677545 0.7313339175956507
12.02502852325809 1.0284126800085258 2.5866397844359796
0.4790054423617188 0.04241414882269341 0.10306340847992798
10.23698694438214 0.9683861896816522 2.203812362290274
15.973021766437034 1.6077481405572553 3.440682556624969
13.549321364514563 1.4459764331697784 2.920407027423893
28.387312723095583 3.1156414916039723 6.120556686035292
5.573518301828119 0.645591010672698 1.2025162061800299
26.68075043105128 3.4968148300156354 5.767169364648448
49.86753029273921 6.6879781740994275 10.783415692882611
8.546445229890429 1.2246102869760844 1.8503976917180476
24.484397967823863 3.658399470710668 5.305822087662437
18.705412411330794 2.9672983322124584 4.0591062427190625
2.3737569322071703 0.38386020427667955 0.5153581379691895
2.2347896135703134 0.3820607390577646 0.4859163145531185
0.7433479729861512 0.13628376031508857 0.1619720276213143
11.837079532892972 2.354238207960588 2.586650264752619
20.719258345397346 4.1854322354663855 4.530316485522972
13.770936271962167 2.9542638753371215 3.01856521520321
7.451628410657678 1.6220007946099424 1.6344503485159902
16.157326422671844 3.6186345534904634 3.548675217530485
29.545915564701456 6.710345781637355 6.493621323606261
8.592111115281039 1.9785418315367669 1.889681095720428
48.96221361842297 11.584508301840852 10.783435841534759
29.68595176224903 7.117831093817916 6.542676275753115
12.261867269993823 2.9789722334176756 2.7044299760912103
18.241438493722388 -1.017031108486288 3.5939178363054167
23.568580274846866 -1.2432576397571247 4.642932043362766
13.111217869122584 -0.5338325642101609 2.5815045500230047
50.651869324532086 -1.4538790794069354 9.968288557369771
15.736705926056185 -0.4043951661887952 3.096716342578272
3.285368129657802 -0.07456638967777128 0.6464802751509272
50.71858383836078 0.06625304866572798 9.977959140260662
38.26198130904618 0.279422344505928 7.527411402307667
0.804241384668443 0.008295240062948404 0.15822475842573902
4.434704885793823 0.0724078094560416 0.8725031662098247
18.496117341956587 0.35698340799028694 3.6391335409671823
6.8695840159535155 0.15328152690508712 1.351787417187189
50.74423577789103 1.437192430653541 9.98680464388266
7.55455732841973 0.30460292994725535 1.4873304900684656
6.3597288684682525 0.2756160753604452 1.2522522863123167
43.03671136079928 2.123771079664342 8.476409243213284
1.8585782280202805 0.10290640710774232 0.36617707697938917
13.512677695336127 0.7888503992208569 2.662713007369485
51.08214095471593 3.135255588463429 10.068127557671406
7.772859241249508 0.5239438714486743 1.5325032056389012
3.1405812050887465 0.2212111992452678 0.6193310823556238
7.4945906614217215 0.5504491462673855 1.4782875211215973
13.86293964170963 1.0599724514787128 2.735220082995497
36.63089565870405 2.911261171063608 7.228380316156191
15.172812191269538 1.3893748105234844 2.997250195486744
51.22546883854699 4.845765346065969 10.122003980038647
1.3029101831119163 0.13509362946908074 0.25768152052513027
2.3063926238562225 0.2601417752813907 0.4565846814940854
51.34068985577165 5.946887774953486 10.167155018763875
11.748184623783906 1.4323096794541965 2.328194800189453
13.882090394279617 1.7770648397936302 2.7531603295519838
3.395139107955761 0.4449714715988208 0.6735984464742599
18.28987410091099 2.4529484742426746 3.630162867632253
51.3659124650564 7.832686436806218 10.221401081301721
13.556516103121387 2.10882397882632 2.6988958524066247
50.76943508200565 8.36631735789477 10.121969146910255
2.651664337049449 0.4451446095287743 0.5289296836325047
2.0160509409436096 0.34466564080501155 0.4023486666671792
50.303280051749404 8.910763911187104 10.049606599482189
30.057240997857445 5.417454828127196 6.008107055630661
17.14703273809808 3.196919401098129 3.4312669469854846
37.16603952195969 7.160291187050398 7.445713288784261
4.843076017730528 0.9783442465414898 0.9719694345721824
18.61748570868165 3.819047687503395 3.7386838603457004
21.620736841546204 4.5027866021842975 4.344446300024448
21.952806384096647 4.709519345942518 4.4167977260181015
10.600026771943451 2.407438115873921 2.1383182743267057
2.709789039744576 0.6239956420017573 0.5470180973633174
31.08473410238104 7.256254794383471 6.2793398525048945
8.508198839195272 2.0670509085381212 1.7224126405214173
21.015576652297693 -1.171608909092594 3.7724288589097434
5.3641546556500685 -0.28288950382783173 0.9627305951779765
48.89015425402645 -2.284531477458246 8.772128618870237
50.65956452317575 -1.9105873637190074 9.086164746898952
22.41795670751793 -0.7781038722757729 4.020414734054355
50.62863515516799 -1.4529350205698535 9.078103640677929
15.049218275635981 -0.3867713377145684 2.6983202246187274
11.915798362767644 -0.2704323382006355 2.136270855560995
16.388147781844996 -0.3228168265373649 2.937713026643905
28.098729922593666 -0.46941181237488383 5.037070531324945
24.642412351611167 -0.3378073594716889 4.416876548087842
8.598816942071634 -0.0662554700129372 1.5412334733696902
1.6368124838019171 -0.002787198276808681 0.29338291428773533
20.72539839545939 0.027130164863824885 3.71478502657204
0.991249881023022 0.01021957624512277 0.17767848387808527
8.459186105857208 0.16337170074286822 1.5165155699394302
6.384361208407372 0.14241382155651044 1.1445093070887724
50.444783328127464 1.429076413662239 9.045023174220601
34.72519785755792 1.0877752264849256 6.227193237735626
47.20957773277292 1.620254187729912 8.466985455309054
10.205730826308743 0.3809840110444621 1.8305695409516518
50.45691219107683 2.338632393044106 9.053323515271478
50.324238448746364 3.090001191039544 9.036436186522463
1.8167731258528717 0.12799065580708854 0.3264412523025507
21.083612079228118 1.5482576987470358 3.789276326806574
50.36398899145795 3.8511019324874156 9.053699949407102
5.122277732036851 0.43808233756996984 0.9214331833554996
14.995545569822093 1.3277747857859863 2.6981701191029437
50.30310473292385 5.06320746826699 9.061406114493515
24.880132696586102 2.579718754270977 4.483176837815978
21.41959601242773 2.415955092477536 3.8634037927094815
24.106045324605695 2.8655811218917986 4.3509610894506086
4.271107600159277 0.5858692322993325 0.7726869679932844
26.437891064599874 3.8692547517143865 4.788955607717182
33.661504282003534 5.132920221322599 6.1029292732421245
49.78874134991789 8.511922042114916 9.053191367685463
16.557377192201823 2.881799571443963 3.0122055964326773
50.02775860827371 9.016982785503934 9.11097125932365
18.857117083585237 3.6329523135494264 3.4419457859521487
50.185934081289325 10.60901378678467 9.193643489949727
22.96934296179296 4.9275961874522745 4.210505362416468
24.425122709002615 5.39341943690426 4.4832169072874395
50.99379792455838 -2.8433369025885784 8.26603062223242
12.675479650034445 -0.6687619892838914 2.054471205262242
30.647378117003466 -1.431808471492256 4.9653337304133105
50.97816782882429 -2.2284999017024827 8.25826844104361
17.626243253044166 -0.7179108824229995 2.855056726128884
6.077013398812835 -0.2109271414776405 0.9841513763834018
51.3247685468966 -1.6274946646447692 8.310508071956013
6.817742741952898 -0.19561360074411674 1.1038775809628965
51.47209370465112 -1.3225733377753928 8.334057479152595
17.03816852565551 -0.233524795420384 2.757836418514673
7.051346744451381 -0.07532422027742511 1.1412395021880908
11.259338110762004 -0.0865848395077617 1.822417848109965
11.398248344148781 -0.053396091281756035 1.8448209757440828
15.236337256091906 0.01984678220957559 2.46586907273312
0.43927250444328375 0.0032094448664163294 0.07109406658628202
18.426022751895406 0.18994497694837945 2.982453468600105
20.228546262647548 0.2692097003297103 3.2743065215670195
0.6241607905758529 0.012055891219435675 0.10103327666977474
2.6113257695782317 0.08180733191436312 0.4228201101907376
51.82849133011268 1.7786828775448957 8.393713294815539
6.907420613260412 0.278590107004497 1.1188999167862945
1.6397801506186562 0.07598661979309738 0.265675556364292
20.621429337894437 1.0177245133087536 3.3416283331988104
15.400226821285656 0.8063516212656339 2.495935679426892
51.59514891025915 2.856738187554933 8.363383730043072
0.16151958442984377 0.009429293257664485 0.026186299361909287
28.350727378143155 1.9111798010834502 4.598734601837215
38.67710051167088 2.723533099439102 6.275848127254838
3.7585351779907703 0.2760783152876548 0.6099404640076128
51.10879267040049 3.9077267429757176 8.29618035461194
18.723627045995034 1.6580777916113416 3.042250898504019
0.1151140052737435 0.010540638235348147 0.018710177322197385
17.557374442523518 1.7140191085036542 2.855159774987427
20.812441002015014 2.1579601030962308 3.386538265115149
21.587504379129943 2.303810920646451 3.513767875508523
29.95040093892807 3.6514789767190323 4.883357852956877
6.169027938413192 0.7897054646450138 1.0065980648636654
50.6858277121901 6.642963413278327 8.273593322736364
2.496726874714339 0.34247684541954715 0.4078761251049717
10.184592281582516 1.4593409184335007 1.6652058106178675
9.676847981539364 1.4162321019744177 1.5828807963692775
22.706474087373525 3.392752034365146 3.715813698605686
10.033834707722027 1.5300396167944041 1.6427438750920478
13.364758736533426 2.078998053795603 2.189085027258545
49.93995103260985 7.922144497174696 8.183836458924052
50.18979813377505 8.116205144022896 8.228705178279645
50.11470358972675 8.56764880078966 8.22873560762259
8.496150030842696 1.478748791767433 1.3957721426715772
5.301671654781822 0.955562312102772 0.8719003226124994
11.893708632625922 2.1805696561540526 1.9570798212796132
15.551527296667578 2.9961078791219866 2.5632864213088573
3.55361846250156 0.7400792057413399 0.5874887251661226
1.5578130448418064 0.3439875924150841 0.25820585505595095
3.6750676326135716 0.834667504858227 0.6099519178179702
49.20588271741351 11.64218002560992 8.183826245188492
13.951923061491032 3.3895702546938153 2.3237998052176683
0.1619886252521594 -0.008544282677225195 0.02344974461368671
50.501149673378315 -2.3597070830487668 7.308621989763257
17.210730479915355 -0.6490621924460479 2.4897948947754127
13.831694882121178 -0.4385391572007372 2.0005515103352054
50.30382829969232 -1.4442254103329415 7.274441361315883
13.741360024516009 -0.35304274867811003 1.987247074281201
20.601948891668208 -0.4677040704382261 2.9792309439831413
4.195554869089328 -0.03227039607025818 0.6065826011338415
50.74108909771183 -0.23853694247940133 7.3359284310264705
1.0431292372978285 0.0076332694369609325 0.15079498497016827
20.557150058508917 0.3969995775355546 2.9722269256204963
50.72918677428969 1.131584351940371 7.33484796800015
11.468592079115252 0.3593124377306161 1.6587744105052291
0.5328437029802048 0.01828786657136685 0.07707679372295678
19.846855967135333 0.8602545749549326 2.8718381371612347
50.626068352534304 2.650766950909289 7.328635582186655
27.519247744237916 1.523695300511432 3.9843306379435623
3.678761751525754 0.22584135584025636 0.5328073361951802
1.966244923788265 0.12663117394685888 0.28483343459242944
50.53430043309459 3.406744410240457 7.321910441341875
50.29263152208526 3.542098842878755 7.2884014750172
50.51293927224148 3.710009835705305 7.321925521870186
1.409885642587819 0.10780502726052026 0.20441193928460116
27.28986346567312 2.1690150725962827 3.957522696052371
1.0396243042395537 0.08576992632461539 0.15080061595595123
25.105331529119717 2.1470788359676853 3.6425225455894035
22.664727744090737 2.350016425970924 3.294035927841492
50.623209862485766 5.556145348679463 7.362170579596175
27.249555339437215 3.0735267813578195 3.964237844431735
50.61714109979855 6.01706012025383 7.36886870234063
9.08555589228827 1.135356200431972 1.323647379873742
5.311297016380479 0.6799061894453506 0.7740785924838218
50.67917221596363 6.642091133591376 7.3889468862461545
7.237001558464619 0.9705912590203912 1.0555654127972767
5.121211667960589 0.7024782864844159 0.7472614796456747
9.939810839330741 1.3938484931408404 1.450979261220543
50.75735026778386 7.42847144003188 7.415717466849196
51.03268299662548 7.781788012420157 7.462652754596504
10.375855653750328 1.6140496162975446 1.5179984613520194
50.89346970131169 8.073404410691172 7.449239775514112
16.939611183731127 2.8437193382974946 2.4831029598073897
33.65636213428955 5.753917912783981 4.9360020966875835
50.858002346217944 8.851798667415443 7.462667240580416
7.052941249682962 1.2493658241019467 1.0354557480098299
3.9009398638977166 0.7030973169298194 0.5730160042963485
2.8500757285823215 0.5225274002794911 0.41888034962636683
13.740920493029506 2.5618785468059584 2.020646261881853
32.32556481141336 6.328385073698881 4.761753935484191
3.7945106076592547 0.7665247474648748 0.5596239986681253
30.957049625289176 6.544139753200595 4.574123675411829
50.383485286566945 10.808731900673635 7.449296297480218
50.35082267676637 10.959914503601485 7.449242921034028
50.14847071457095 11.231393496732071 7.429152718270374
57.80009478365035 13.127339607442606 8.568459433988318
48.49892718196212 11.167991332630965 7.1945494676883985
17.810458843904673 4.157578667090911 2.6439212841021265
3.225685487113479 0.7632016554330062 0.4791836927210698
49.622794685303646 12.05576465443292 7.382243197506148
25.076579700739153 -1.3981716604397099 3.198694277423268
7.031043852628254 -0.3497158626001314 0.8965783389443909
51.04841362274106 -2.078671348254084 6.506827459483789
0.39472870669963245 -0.014886920983062615 0.05030772993168717
51.013569672861244 -1.770630690030913 6.500942989417204
12.841763085975183 -0.40717436185731903 1.6363477267167945
50.88392207210066 -1.4598526382755204 6.482835863640791
45.78170345038223 -1.0385385481178928 5.832372281099097
5.087208578442433 -0.10019044166112365 0.6480657719872787
50.949774153383856 -0.3915610074261663 6.489583199762682
26.277229712900297 -0.044504152693564586 3.3464650372986973
10.571312278541207 0.01389688695969415 1.346260924225594
8.480212228580138 0.03648901993553482 1.0801159889863845
19.213700651200707 0.14042647377684686 2.4469662955406886
11.870178162427942 0.22919882554425636 1.5121319984009043
50.60126406377543 1.5856116521350239 6.447413111991684
17.295031165253008 0.6977822372147754 2.2043384840705844
50.57178827008353 2.3437059390750155 6.447673893504982
50.7037341420483 2.5022849963984606 6.465424510369397
26.283410536889807 1.4553151942537386 3.352552150926849
15.18938003871604 0.9324865599917349 1.9381474827498155
1.3215648462225607 0.0851122789347752 0.16866314714029265
2.8506549621351636 0.2007713285187591 0.36395851480488867
9.889577162201643 0.7860309615937665 1.2634950297787684
33.172675761789364 2.8370256134599843 4.240247606185813
50.276346729529436 4.603814050422039 6.429928924278361
36.013915765709214 3.4068124657339873 4.607200413887008
50.23286704961848 5.056154593702294 6.429968814071925
50.34020679561029 5.372298210823836 6.447729577856829
20.29365821480973 2.288962334646856 2.60096308721473
23.93326099259197 2.772243444702004 3.0685128244448436
8.098010977287743 0.9626442531068579 1.038619787837475
10.674186548570923 1.3338958645508854 1.370024875263797
15.457577512242473 2.0258975216481785 1.9855133277808983
8.585701621923564 1.1777054711081318 1.1037122327042717
32.19423599275501 5.10708978788718 4.151502710014299
9.8852965247625 1.5985564994780976 1.275334817016585
49.72312602762689 8.19390926749491 6.418089248117
49.8762400829408 8.68093809843116 6.447729361570299
49.77747372605645 8.971803637341315 6.4417536862837075
3.085142137838906 0.565624964699191 0.3994721500177774
11.762660267828938 2.1930327151008657 1.5239012219090065
49.56262627831368 10.322048808046416 6.447682513936093
3.700459894626238 0.8054780309723781 0.48232250609279115
12.084113069196187 2.706396682780878 1.5771495098165316
49.595358990548704 11.26392969176032 6.477277447946757
14.05031849443445 3.2798369855114218 1.8375550912624763
2.3271112868752537 0.5579757164687226 0.3047784741890679
14.155741512243694 -0.7892463438286778 1.5628043406945413
50.89761928235152 -2.5315073147816505 5.617356205903775
6.723268318333896 -0.25355266250163466 0.7416384611291611
13.750384832692248 -0.4772622959073726 1.5166086026962438
14.590693162258068 -0.41859371401412077 1.6089171381471254
51.14208060404408 -0.6997422128456033 5.63734298096365
45.88284453036616 -0.48973421035058445 5.05808637386324
13.944511085183587 -0.10713021079324826 1.5372696813270998
21.02203338482002 0.027443244355637057 2.3174295233840065
51.186502291951555 0.8347733936949381 5.643168264124061
9.286511763176673 0.207345998869664 1.0240121674736162
8.261902283393988 0.20920298102352192 0.9109214743215118
5.74797163392975 0.1628002513760687 0.6337982200123735
51.198361840004885 2.0648273966063844 5.647801591075527
25.274864691863865 1.2473423461725581 2.789433829546416
23.178665065497015 1.2136284985428751 2.5584746723453606
1.7898012324657027 0.09909833844671766 0.19759207368047718
7.970130274608268 0.48927855446081553 0.8802000635750298
20.839243604488523 1.3420678451642267 2.301881643734205
1.4162837634219323 0.10401904383371735 0.15653763121795175
51.635820913808764 4.104046690772663 5.7097314365061935
2.807399694823077 0.23161296249692076 0.31051310618183514
23.531025657508632 2.1547402225876424 2.6046951527642106
2.8971400732843273 0.2740606313552527 0.3207763334649932
10.357033386541202 1.0110955217590238 1.1470779249683605
2.9408264159172717 0.30491782414350344 0.3259069836053955
51.5524350594325 5.501657847521156 5.714923010137932
1.2264617972368472 0.1346104162135749 0.13600435936164176
51.74982954407852 5.836957155929591 5.740508416391376
51.04812328209459 6.223671580533499 5.668710187840904
26.12681301097816 3.264884269357911 2.902375380112209
41.31132958729461 5.288318200619033 4.590903922858581
50.96975902153151 6.835814830357698 5.668734836986881
50.651219414292676 7.102763523124703 5.637943396288208
32.65721803815778 4.979780268757022 3.641404883162581
9.2571226253012 1.5254852763108244 1.034176393027573
50.27759255682543 8.59549642561151 5.6225424753533035
4.472465933975688 0.7784307689517368 0.5004096795388614
5.796524619892173 1.0447553235604334 0.6492488004425121
4.785762413065857 0.8774124725796305 0.5363305684442735
20.288379974859314 3.8456017249971275 2.2762129642076045
2.3545768728331686 0.4536260603460907 0.26431970659423387
8.293283444432376 1.6235811749360023 0.9315242823980837
18.095753144296367 3.6554783641552233 2.0350036068472126
6.8188497396860415 1.3987686668351405 0.7672961907007212
49.5215296392756 10.779336979846631 5.586621346687036
24.461807807300683 5.7102436511056665 2.7689064273988477
1.1412408773191858 -0.056764075200883765 0.10645590496690899
3.845103746999387 -0.14500927919061649 0.35848254317315265
15.871569795846703 -0.5508874506218221 1.4795625172036606
2.261663507792828 -0.04454270180469164 0.2107693887503071
9.117691941671108 -0.09743647476521268 0.8495110830183956
30.059750129238328 -0.05081952684653111 2.8008819224393546
20.498502333637834 0.026871534630026735 1.9098694427815923
50.6270521670408 0.3705774222306466 4.716215326918669
50.57909774256242 0.5215104389989866 4.712131051905551
4.080666035709021 0.05438493114861208 0.3801955737180298
50.56918166905529 1.1288978156352862 4.7121901154278865
18.67352339047526 0.4730303577674763 1.7402225794431236
41.88986059510325 1.1861982475832558 3.9039306666802345
50.557013806457704 1.5833668362514375 4.711961913630529
17.21966887322982 0.6945314394319421 1.6055774244677732
46.37429366370423 2.288703329591557 4.325678617470167
10.829106537555486 0.5670099697542543 1.0102742709147592
13.29091319522346 0.8159383656852867 1.2405837256863028
1.9316164192287464 0.12439800285648563 0.18033065699218778
50.399305176131435 3.701669943586352 4.708082688517772
6.580412254663278 0.503152342986332 0.6148556891049378
4.951574242825392 0.393554810246761 0.46276864535077233
9.459258560692716 0.7804142526859478 0.8842722013985387
50.37101933810796 4.612483238100068 4.712397463945423
50.171185877229924 4.746049348789493 4.6950381054150405
10.510942490260694 1.0579716683058782 0.9841950799990682
35.37385492149808 3.6677819114511605 3.3132416291055686
50.140669732247936 5.503193362476887 4.699358004752015
18.05206466504276 2.0361285108634473 1.6924730592726296
0.9498087156457695 0.1100184795747155 0.08908101837878626
21.543621315000628 2.692155002096675 2.022728138069101
50.15284958557005 6.573121409129535 4.7124339812912694
50.364015960518934 6.754586773241225 4.7342030851398995
2.703171598837213 0.3707955530583012 0.2542008164268026
50.2570296338354 7.509308693828151 4.734182117809421
5.279348611880365 0.8050299865371398 0.49753110959303815
0.2534411566897751 0.03942492032209121 0.02389593591692101
50.27954360995646 7.97602849677262 4.742829059027712
50.255384417375325 8.126824642328648 4.742891732336819
8.390208654157352 1.4343990003996447 0.7930193486640624
50.219686605400625 8.89606927589551 4.751556634810696
19.071873408567097 3.437480659616658 1.8054453778369246
49.792988800308365 9.9031983805718 4.729827668890977
50.14389117152946 10.286148908035045 4.76891737289912
50.11280030270448 10.436546171957973 4.768962561380816
0.25094354530369084 0.053048090281617034 0.023895547449009888
19.723289160279997 4.231229702987887 1.8793212233502201
17.02168475842877 3.7051051797540353 1.6229485763983875
50.223733653451355 11.248268315451353 4.7949809645911285
49.973502088766686 11.507565204802372 4.777577168529424
24.831894078744416 5.953988521308557 2.3790251869503205
50.01311145013775 12.150528372767749 4.795012823618558
20.63590676234228 -1.1505790813345702 1.573916361663266
7.673866510402124 -0.381689741696993 0.5851128793762846
10.241039787623988 -0.4785666396800553 0.7807340454263482
51.59831225572088 -1.945912141770782 3.9321798722380565
4.4120029330149855 -0.12663975084213092 0.3361250549628952
2.3112426676878797 -0.059398526569755306 0.17606486333268292
51.901818195284115 -1.178069743562939 3.9534427974837882
52.091954897394 -1.0259405731308433 3.9675230709188454
5.440685947638214 -0.09081871097489698 0.41439138614228843
37.573818802448294 -0.4018590246250535 2.86195754075964
6.1419474046347045 -0.02889206168616946 0.4677428433151433
7.916866856363692 -0.013357230903048727 0.6028804218024343
10.672587754370234 0.013941982697676871 0.8127659542481925
1.8916060436745905 0.00813524807388189 0.1440444489473266
8.990931703904305 0.0656831732902516 0.6846376095971938
7.3083698831166375 0.14125809976871545 0.5566602292273454
26.0328181184044 0.5809708983833898 1.983030438320899
8.568044001687271 0.21691513893290995 0.6526171677580143
19.957597779510397 0.6250926142229855 1.5205871020515664
19.582236494371106 0.6721212669741474 1.4921183367955677
7.117918838962604 0.2656998815112487 0.5424271609222456
14.069019534472892 0.609736020614131 1.0723993303736254
3.5226088018110673 0.16325254041255263 0.26854310166534506
8.74699727215227 0.43167464547127193 0.6669218255672693
30.20166122542981 1.581353268487174 2.3031016965419853
50.90311812360617 2.8185109819063467 3.882334971260336
16.296488113642557 0.9513683541443568 1.2431354176595415
6.456813917973551 0.3963882780950459 0.49262729487096707
14.75233448463249 0.9500894422124263 1.1257609849872638
0.11649749875903194 0.007853633269531738 0.008891750522650465
5.473366767038842 0.401992411247135 0.41794058761321773
8.264531341197372 0.6568711089157421 0.631359815507905
50.389507036900646 4.157185899169985 3.8503735387468323
50.59627449984171 4.480042477154987 3.8681095937879184
15.921587647376198 1.5543563271229528 1.2182463442385203
12.233899447389605 1.3427326478805244 0.9372418831209268
50.410509568106626 5.839162692352202 3.8645613445864697
40.18895761997416 4.777428580886019 3.0820286151258713
28.701012857033298 3.6740609115299523 2.2035195480814127
50.112031855641234 6.720791841097446 3.8503520277807732
49.90651711498208 6.845704735438717 3.836139233290708
21.76283753990623 3.051783306514735 1.673521204444737
10.102366812076655 1.4475613149015307 0.7771891943746543
13.499583812208174 2.0999746968057122 1.0404063725020039
26.54165362977055 4.537589350251991 2.050543239185007
18.710769411575868 3.4884706989289382 1.4494402711222798
49.54356227661036 9.85359058628044 3.846823825131109
32.82887454145141 6.734273789432169 2.552066441260902
5.875846777979266 1.223720004067707 0.4570628877465581
49.42173511222297 10.447483966700803 3.8468222343639926
49.34454193677499 10.585947878964271 3.843195039769194
18.004451178327738 3.91905362164402 1.4032037763246463
22.857424546980216 5.119260077334968 1.7837857465824036
0.6149143404398991 0.13965725902881626 0.04802045316239618
4.613401444232672 1.0915389899545942 0.361026311729213
49.212512036765496 11.799773744302174 3.853876467206577
1.2027302116482494 0.29220152945896144 0.0942549424189562
2.1242775381550545 -0.11844157499346454 0.1259215001616795
10.903436656043505 -0.5751112954857481 0.6462177461595834
3.7134425253712626 -0.1735302027787799 0.22001790719815315
19.08354077254996 -0.8344273741043162 1.130522702013819
50.76352731794996 -2.0670743295819216 3.0069300300692356
11.191246744026907 -0.4220522332751335 0.6628285349127643
15.353205646109602 -0.4867800458205764 0.909126182253686
16.058148349179856 -0.36433812571331947 0.9508425137129594
2.6417285932238554 -0.036161555160650005 0.1563775612799729
31.165719391584553 -0.1462241657756781 1.8445643546251742
3.9045647769609246 -0.006528265031628845 0.23104381461480963
1.3326676662915327 0.0017509928218265192 0.07885952856324996
50.99124342996191 0.37219885715363893 3.0174248486250477
20.690502906540544 0.21325726562657668 1.2244605559570094
4.1847049721390865 0.05569387569761577 0.247710008607208
6.7557129576456685 0.13051893912712645 0.3999508475144714
51.163204540438755 1.2955993135285095 3.0296521602340776
11.800090097409534 0.4050342272235361 0.6987905679063614
12.8735912356373 0.48054940542587027 0.762448015714711
3.0131937750930002 0.13058854437316775 0.17850376976212373
20.360646159759128 1.4339981629812504 1.2080428244281651
14.745973231245115 1.261119363805613 0.8759177493560542
10.870066168201067 1.028276879584449 0.6462116122777771
51.30975300797242 5.009151159884542 3.05123878585296
12.678240895770978 1.2761195948042863 0.7541483465186596
51.30914576521893 5.47570321100512 3.0540202730999115
3.740494857253099 0.4218979028110575 0.22278469980397858
21.939963045056476 2.6080946787965797 1.3076617827209935
51.3414344195818 6.415863798216963 3.062264383182735
51.37432108449736 6.890084181404865 3.0678165003996902
0.0695261483505364 0.009536940474197076 0.004153487923519989
35.77268228959971 5.01637134589969 2.13789128287558
51.4028145937494 7.365474573148263 3.0733671832259253
51.33416079779711 7.5129016770539545 3.0705437330919607
51.727624089904886 7.7291281667671825 3.095455920406217
50.75409964507429 8.207472144063154 3.0428575027918807
6.7098042106026 1.1264031703337263 0.4026744506940357
4.079175006296716 0.697380100146612 0.2449318760873913
4.675899029427628 0.8138382115707836 0.2809019081192515
50.46010663041144 9.094840182103832 3.0346362746624003
0.43645140314311615 0.08272805768052571 0.026291465664978458
3.969469820016152 0.7771055357551364 0.23939495458271134
8.359791535735035 1.714866129605927 0.5050753177331644
49.98152899083432 10.56582132491312 3.0235706901607164
1.6677611736185665 0.3630210904891185 0.10101680865337583
20.204868458909797 4.46153384379669 1.2246220473307952
12.753683101094689 2.8563557325549898 0.773534443933812
6.817156552343892 1.5482894703506052 0.4137454009849385
49.73771041019539 11.453351434379645 3.0207396051521154
53.30044064757046 12.442280425737478 3.239422359330292
49.86927251440723 12.115583155023302 3.037360332180394
25.868330284122482 -1.3644476884734178 1.0944594907857659
50.73954908704317 -2.523729772807913 2.1464790325970626
4.230904120111011 -0.19771132712685144 0.17895543454562893
8.019693851055198 -0.3265459811852087 0.33911724745175664
49.60729209503983 -1.5728207174230813 2.0970117401300983
32.869103228773234 -0.7457526316808214 1.3892348824407166
0.6317768334792214 -0.008653682908963655 0.026700308070866804
5.0775816321323495 -0.05432064649272037 0.21448495610834806
11.676652812593062 -0.05469490068255178 0.49338767921570265
50.89539405749965 0.22019174687712773 2.1509126008363526
16.54359594378791 0.12095696753135562 0.6990422738932751
1.8485528420443542 0.019071689102080673 0.07809449945120531
24.123632428997208 0.32116128865825067 1.0194661089519383
50.040972883956464 1.1172016778737097 2.1148325815748286
50.73926242558066 1.284485919147039 2.1444405031549016
50.54349739777499 1.5830746400142608 2.1365872426035244
52.22233005315844 1.7924274711808497 2.207729075213233
2.7826775970513395 0.10387265218217974 0.11765318949023106
50.57392193909939 2.039828934032986 2.1385466227704977
50.474146578168984 2.1874946724651174 2.1345795425444556
10.682492949583853 0.4950895286017013 0.45182185732899777
1.3319854060355905 0.06974250388710598 0.05635478027426283
42.03296329554335 2.3272957009454904 1.7786200622579769
55.57491405664636 3.2443849061848087 2.3520507683490055
11.230067840347916 0.7570791314374138 0.4755532040954431
31.209077167884 2.1980922030674117 1.3218462413895995
50.292449651885285 3.6937085136022234 2.1306477510669364
50.28113990569236 3.844641540815123 2.1305716643260775
14.669029210472363 1.210233535117463 0.6218848870857114
50.511027195887195 4.472591699496868 2.142526619656388
30.363658652374433 2.7804362132083673 1.288265545750085
18.928882123979534 1.9052735773626375 0.8037887669605009
20.086896574456222 2.08273472248019 0.853229654239822
1.791037163933555 0.19657543238137914 0.07612842302925563
1.1393525336130081 0.1285098530644143 0.048443594158375805
4.718711670395992 0.5465789847753387 0.20070335092026412
14.987709514169305 1.7816513797666342 0.6377042965626986
50.2895300118809 6.131185607035058 2.140496355104679
12.376115394041477 1.5465561930108338 0.5269762283342594
7.030152369764047 0.9213842370471073 0.29956686335786553
50.07320349182937 6.715584362153833 2.1345384280078763
20.099982343735384 2.7571257676772727 0.8571971609471362
6.140982589183211 0.8611445137566242 0.26200482013796517
50.68357462671789 7.4176865248082215 2.1642685410079068
16.547573928656593 2.4725066656260712 0.7069103932460185
19.82494582937539 3.0230388344135477 0.8473152116885238
9.68823279060245 1.5070867368984933 0.4142670787790446
19.667804012542017 3.1199759188329246 0.8413844781898137
2.471756116144943 0.39970898138365846 0.10579055960389905
8.704530743565211 1.4344258059974873 0.37274009901880684
50.10122581032864 8.410620997460237 2.146404551695701
50.16802311721829 8.576778621078452 2.150434999078822
50.023479659387704 8.86131257584165 2.146403494232868
8.401153152860735 1.5402538175592726 0.3608674544375537
10.035474463386333 1.9646509768387892 0.4320542141064991
49.903513896195534 10.236839682316313 2.1523837345541392
12.065358099414606 2.5505505828540302 0.521032299568191
15.718421704409035 3.3720670147514507 0.6792314262371408
50.18866096592955 10.924551262042625 2.1701945212312816
17.93721382097835 3.9608021546125287 0.7761257130903333
4.041778150945983 0.9052095853141546 0.1749981291072682
28.775067448302224 6.535295705291785 1.2467449739431444
0.06844606950193645 0.015761304989329945 0.0029676311713903282
24.679199811892115 5.760990567433284 1.070760671975247
24.75280490518645 5.856557681215241 1.0746956138257515
51.602479642469405 -2.721817886749331 1.3094299446332434
7.64688893344784 -0.3803479064741189 0.19401687955875638
51.53130369623826 -2.2532050493100684 1.3071093228282342
4.842631298495271 -0.19718231372102482 0.12281889915493259
1.6611854520614955 -0.06264780376689645 0.042125485664020496
12.050872457262468 -0.4182745935746868 0.305554222950302
51.648255486274735 -1.6376162932540717 1.3094742229462635
2.8328254116167746 -0.03876120777077918 0.07178966548468901
21.984887073513036 -0.16887197829807224 0.5573844093846269
14.165221979155234 0.06103456969497432 0.35892488428588937
13.790309004923177 0.1005852771556233 0.34934819414762924
0.07025995246686449 0.001567605024690002 0.0017809249957562274
33.351221047386595 0.9444201838106036 0.8454438211782693
17.760636624525848 0.6095903017729795 0.45033831231148264
7.791371301455954 0.29082269587347637 0.1975750298327874
51.204684883933666 2.2190512895077124 1.2988171355465241
2.9694774083058992 0.15548567268279703 0.07535500747299936
50.98730746118442 2.823186309541509 1.2939815146534015
18.301856393233027 1.0684053285105077 0.46455981906064575
51.10009951208638 3.2909562474809864 1.2975741181278078
4.366632920731708 0.3207093323598532 0.11095269135708406
7.072020293860219 0.5620839927838983 0.17978350392993728
5.667399724549007 0.5018223276783841 0.14418277853227965
50.759369446125916 4.6480463264198075 1.2916734839556956
2.679795523577745 0.26161754710469154 0.06823320936028938
50.606864496935664 5.247201342207468 1.2892920976756166
11.384676773070273 1.2149761871486526 0.2901321033184081
26.35159352166351 3.0523510996221974 0.6722271369537565
4.626729954285856 0.5499876549172118 0.11806841047744535
1.4177439221025057 0.17284685795425414 0.036191505035664547
50.28053396895039 6.436445242118535 1.2845492798784302
18.86647107676614 2.5302785485832056 0.482371046111148
50.220559340079305 6.888782082281468 1.2845588357141038
27.291031529216543 3.826997021216067 0.6983319274613425
25.680775583411293 3.8371720883187233 0.6579828562310681
6.405523931389728 1.0161211062231368 0.164354348531961
1.0858027402942236 0.17892839821388623 0.027886869350417447
4.864580595187195 0.8617186281085119 0.12518885293419701
14.800039658157237 2.7593223315221804 0.3815159206848516
49.86746934303013 9.607324321626011 1.2868960101902591
1.7681890240217413 0.3516705283441129 0.045683419565681505
19.702186914898554 4.041561667548679 0.5096540667957421
1.3057157277561957 0.2760211493956255 0.03381957090835542
49.26982007226457 10.879505114186856 1.2786058528949316
5.871904233798382 1.3150904869029019 0.15248006544505885
11.484643293385604 2.608353225476086 0.2984404209244686
17.591623795816435 4.050881955983939 0.4574586813568536
49.05544132300685 11.60660469737158 1.2774505876874787
15.539544125001449 3.7752834470007053 0.40523347830042145
6.617685221073732 -0.368977382017246 0.05597540836846061
14.385803607540979 -0.7155114163810921 0.12163382872067523
1.4740389631068083 -0.06445242645168284 0.012460737036632297
36.2525329670477 -1.3672415576402899 0.3063986882833784
17.67182787121914 -0.6133727368512152 0.14932911869452625
20.81539439939093 -0.47252613864830545 0.17589001136809423
25.783466292897476 -0.3530027884106158 0.2175067686166153
7.611402720604155 -0.05857356795235491 0.06433795083011394
50.75153007803589 -0.2385092100098833 0.42857123673778913
13.654092659803526 -0.02308412499764741 0.11542062498792713
5.269562701077023 0.02272587687816404 0.04454788365282053
9.76583152800372 0.1007180435215392 0.08257924895374376
3.208158929778483 0.05232245993050171 0.02709855105716925
1.8966786385978527 0.03663078835977999 0.0160230218977821
18.096799487373534 0.5124785266314721 0.1528926536449442
0.6320674901156375 0.019796992824660978 0.005341068621434317
33.21405518153984 1.1400443535329288 0.2806569250949689
27.352848434956368 1.185426370442281 0.23122946301218666
11.017597313249144 0.5437425255250184 0.09316366792315448
2.6428853936123895 0.1383788110388531 0.02235309566382118
50.66582673514841 2.957807132440493 0.4286530312562355
3.0149464620223307 0.19416652810641075 0.02551235979152757
2.500334979552334 0.16856513672771006 0.021165885452767746
16.096849612950212 1.1337163176949576 0.1362759665414001
2.4525064507623564 0.18012582698013574 0.020771023656802057
50.74456008819829 3.880079284764443 0.4298097825491419
0.39693401449856686 0.031548733953288936 0.00336236821245135
16.128724949279547 1.3306553781759547 0.13667693667519273
14.57272009986252 1.3785414115581827 0.12360969898036357
50.745042464781605 4.953944930985207 0.43062336011688146
50.74503500131766 5.415436254900502 0.4309267735411537
10.406434416999446 1.1421686753331963 0.0884077585792819
5.886033594312132 0.6817915524899163 0.05004163848627899
50.86247649392627 6.046123531979954 0.43259322791226523
50.871707535400034 6.357101382887878 0.4330162588263938
32.12826729418538 4.112826737986099 0.2735826322786839
2.2971070343343145 0.3150959750310132 0.019582883624897282
3.0316293805187873 0.47159643376972393 0.02591028426997269
17.224517351234592 2.7853903939319316 0.14735528633233874
3.762969331567414 0.6433160501814815 0.032242196916217006
4.453191023241746 0.7750772688217301 0.03817103450231606
1.2222276057621217 0.21650747226578423 0.010482564861371543
51.00755933679524 9.193527386210151 0.4377263897877078
16.96849064915773 3.163614029159432 0.14578619259856257
50.96872226614855 9.660984892672483 0.43815644439754026
23.20454064963052 4.470528014934958 0.1995568022559641
50.37441762547253 10.018853923421 0.43371807160184717
50.80323091251953 10.2627367205303 0.437748265899799
39.94330740619734 8.193689838663204 0.344372664142016
0.9400948668697694 0.1957855029370554 0.008109754915828054
17.43759881822493 3.686218964505775 0.15051299066313528
26.17814566231804 6.028139050768327 0.22687200589970713
48.693508014281385 11.366791035072556 0.42232474247788737
49.57087336460882 11.728576352596322 0.43018170722793797
1.6626144211370057 0.39864875471603345 0.014439424871349537
2.2076028709629716 0.5363310775490776 0.019187218951470176
1.0059663034772166 -0.047009163579953175 -0.008505575106820939
50.99692431507087 -1.923320236025969 -0.4310158612237911
5.687771993199533 -0.1974176132176155 -0.04806245277203297
0.25752451260168774 -0.005843850426789051 -0.0021759644878757453
50.929599545595785 -1.003423417290994 -0.4302060679272054
21.754598086066487 -0.3628861503870852 -0.18370170268555996
8.688732184101086 -0.06686260920020669 -0.07346369482194996
1.5691418439249791 -0.0026568866343173983 -0.013245927567671546
50.32783025334143 0.5191979171568786 -0.42468671237850947
22.268653757816534 0.4300412969404721 -0.18809906275478422
42.58813601040525 1.0781384955932392 -0.35980471584347823
17.299200609268926 0.5417970212659953 -0.1461614108336202
3.768041261015089 0.14065504027993558 -0.03184108873245217
6.434630422704212 0.2788643564025248 -0.05439488889246231
50.22257889073227 2.4786627850097225 -0.4246299711289829
20.69870692528232 1.08378218249836 -0.17504468620551403
15.127303905890283 0.8831143291666937 -0.1279788281592683
3.4356598794410838 0.22126025356110177 -0.029077534162212072
27.357553773185046 1.9267928350164978 -0.23163032663650765
7.170729364752644 0.5266563903416271 -0.06072490417003168
28.786587934779075 2.2879832653487178 -0.24387334974541
50.1600890392188 4.13826556591851 -0.4250282032687379
9.121685206977757 0.8076801226472781 -0.07733753476579269
0.9093080096355656 0.08601746961310773 -0.007713529280700724
7.151703528382586 0.7415278060910844 -0.06072268862469901
3.656207607287543 0.3901872566143973 -0.03105232983900999
25.4196134107999 3.0217402217102807 -0.21619511553223827
17.55250048836855 2.139964668975818 -0.14934333382206022
6.527896258858584 0.8356474563976128 -0.05558526959827548
31.697877770859225 4.154386987708988 -0.270014055232119
9.072418634719176 1.2444707855874024 -0.07734255115871791
49.88927328977338 6.995939958524624 -0.425473095532637
19.961102397171597 2.860217635485353 -0.17030166554946308
0.2548756561842706 0.03730184542764127 -0.0021753648728054862
0.3011460272961524 0.04499673499376615 -0.002571786080876802
6.777411011926734 1.0751160886165323 -0.057958014218283165
13.01663318013454 2.1049300994598648 -0.11135694952893632
50.097980201072176 8.410090143666228 -0.42900371605461696
50.0725042783891 8.560462863908958 -0.42903553039574127
11.553807257531064 2.0466610249850468 -0.09909245495836465
3.6186608562264455 0.6522221042465334 -0.031053894227780453
1.7737711193601784 0.3252008664394245 -0.015230646433650264
13.100482827919375 2.4424606831618925 -0.11255388308682536
50.23245928646824 9.521428215411031 -0.43174351423627416
50.203663555619855 9.672110634146138 -0.4317466444160427
0.895821557176612 0.17816792224840775 -0.00771292288015516
18.467882483938578 4.019905308200476 -0.15962102786411086
1.3941127074958675 0.3122304685457112 -0.012065790909339902
12.995276925711174 2.951448122934419 -0.11253662384143222
5.317834758094492 1.224557605581142 -0.046086833428721635
0.5376919422179838 -0.029980241275560104 -0.01364735897203578
12.929868677519535 -0.6820081663905664 -0.32812321325351435
2.1754225125725806 -0.09511655004695516 -0.05518128033640669
10.223342303842788 -0.4163096288147281 -0.259288336441418
51.73110368706197 -1.9509849613243988 -1.311872421057232
19.538759020927348 -0.6781344970608408 -0.495434926126716
51.2863340683508 -1.1640048475999067 -1.2995716772401336
51.242796768066825 -1.0093171458139227 -1.2992024190886824
13.321664078442206 -0.14244973606230552 -0.3375013242024526
7.937163162044504 -0.0372362185038824 -0.20119255233537017
1.9433733112965577 -0.003292720716993086 -0.049247648984825844
16.13196907484696 0.06953094375274943 -0.40888935672396987
15.195118410168869 0.11090515072610692 -0.3850152055303205
8.592384796995963 0.088610393478091 -0.21774080582260338
10.418232626229711 0.13866849670235074 -0.26401940039533217
18.939201407314798 0.3088608349568367 -0.47997903891222865
9.058836117804026 0.20215445979234328 -0.2296034955207794
3.2532514582855563 0.09211572397146099 -0.08246819120190702
14.907303200188437 0.4668848007803912 -0.3779235907585693
0.07022852923206825 0.002621393472255311 -0.0017810048186777169
25.61723947945705 1.0332428527488435 -0.6497340605127869
0.6316041654575897 0.02737252682310336 -0.01602132803296911
0.9117104058336087 0.050480062102007804 -0.023139991894853613
6.661615308692591 0.3889020087193826 -0.16910563741799622
2.7809697091536005 0.1707292664711721 -0.0706073957907819
3.5734980578689144 0.2516792031158149 -0.09078248248470518
9.363664970502816 0.6877166555826564 -0.2379279971182266
14.027442605858022 1.1149446610873193 -0.35659330065487255
0.44335090590847226 0.036577176494820174 -0.011273171239884918
50.27318354161349 4.299506393557234 -1.278630428623761
9.865425096739319 0.8735043464124932 -0.2509774042109471
8.974243417789493 0.8489232739191932 -0.22842984319106102
50.1410015630371 5.1990054504419945 -1.2774116727921225
19.440129228186304 2.0746960462314927 -0.4954171446042943
2.722160109894664 0.30703359048004475 -0.06941758001544254
16.48431669355932 1.9594963157052288 -0.4206540445294524
3.230634236260974 0.39386859399595797 -0.08247012890810831
49.88140042745767 6.233360234020346 -1.273821745205938
13.564385829398658 1.9021243085484942 -0.34707698863186376
49.60054072097049 7.259057104806509 -1.2702264115136839
49.78753944161751 7.59184659824704 -1.276156032021652
62.01354744452425 10.02811822053664 -1.5919807758518196
49.62180507363843 8.330121751921974 -1.2751298451481123
22.271128686150885 3.8074627704004045 -0.5725875888648478
11.728585185303372 2.1139667090344068 -0.3020136821015012
49.53738770065733 9.081966525852625 -1.2762822799272229
17.64418069258892 3.344348524517037 -0.45509278596009245
14.829156293183454 2.856929395081401 -0.38270478682323295
49.33286750406311 9.657996204994701 -1.2738930021243628
5.806407937199041 1.1729570573928918 -0.15011318511107846
12.63780119623178 2.5924327640882794 -0.32692399453715176
3.048588423605172 0.6349066661024239 -0.07891228547722282
20.089923302137436 4.2469234466629855 -0.5203491159014583
49.379980963071304 10.59337869682191 -1.2798030951811203
1.8073848598936348 0.3934119826844867 -0.04687291443389452
0.022826994796394696 0.005112428089302004 -0.000592779551844931
10.009507020024628 2.336534871945252 -0.260464236050682
49.00990507404301 11.595873670272809 -1.2762096600347228
0.8424442527989834 0.20199336149907995 -0.02195274097384462
5.801717709840967 1.409519064412904 -0.1512923738139275
7.921711172525207 -0.4178397874118207 -0.3351507886682712
50.326133497286925 -2.351827413725192 -2.1285372980773327
5.353606089317254 -0.2340464176450539 -0.2263986855366886
6.803887808013486 -0.27703186359626447 -0.2876932437820403
50.438821037516355 -1.9020900772700826 -2.1324806618933434
50.5378513033027 -1.7542768737885504 -2.136435783110723
1.7541527901403429 -0.05562112840253132 -0.07414741342811035
9.941033593830982 -0.2853590107989446 -0.4201634459109048
4.655109257612287 -0.11962277254503258 -0.1967354365156982
13.499436112354651 -0.26594787558948135 -0.5704342082348935
3.1117898505580928 -0.051910811780949785 -0.1315073898451617
19.631130307381085 -0.26910260289128873 -0.829733025581754
50.754935227401894 -0.23792537632963418 -2.145045970961288
45.04572509212874 -0.07698431984130225 -1.903712252117352
17.012102200886453 0.022413836891444036 -0.7189030647522398
23.89050567271397 0.2466213596910118 -1.0095881422469761
23.515337610358092 0.31302081657984226 -0.9935741538837886
2.2227225078549395 0.0362177898838157 -0.09390380594513051
51.01991655956461 1.291631787133274 -2.156407387654888
13.262747122694876 0.3754979427048003 -0.5606104391404514
8.30311639289919 0.26006013619136825 -0.35099864890460725
23.17616081567288 0.7955040979833751 -0.9798231096277586
51.368974746843215 2.071611730852128 -2.1722204894485206
1.1453478001078097 0.05307771621685808 -0.04844515279574967
14.373762783331308 0.7094420819847688 -0.6080560753984091
1.7993275467174614 0.0942143782337807 -0.07612877614767878
22.814942955761207 1.4692452132141827 -0.9659602418367755
18.000843437318938 1.2135485512443327 -0.7622836079206441
4.784233833466312 0.35138048929934473 -0.2026828519041072
13.409640076413279 1.1062762674961297 -0.5684907044320937
50.95037511970104 5.2826505629657134 -2.164196578720814
0.7213567327885436 0.07698199193838882 -0.030650399309559633
50.80774751139681 5.730444761945139 -2.16023051974691
50.80054623517455 6.193843288245153 -2.162190853868759
4.760099130794729 0.5948282585850135 -0.20267601682485523
53.387785470963735 6.9971433401131815 -2.27489018290199
50.58333760078066 6.784310545707674 -2.156241828935178
2.4796082952714 0.34769120371750367 -0.10578628870856936
50.42768177823925 7.225162230354945 -2.1522738737646856
50.40683654163687 7.686436241506568 -2.154240648106864
50.2448716786111 7.815868927783947 -2.148300061352187
11.100239205108009 1.8634127243486134 -0.47552704246842054
24.84179597225715 4.246996472329982 -1.0647459447046865
19.66497702900102 3.422572011470448 -0.8432946312893019
37.027974501973816 6.559280010374413 -1.5887082887300097
2.279898203519444 0.4109195082154827 -0.09787251583951732
49.75762510014353 9.276891843400376 -2.1386645738448116
10.776620677620805 2.0762569511395355 -0.46372513790011155
18.256718419824594 3.574216502625936 -0.7860565765857789
18.223834724691987 3.7382684582702574 -0.7860488986139903
18.258392930890196 3.802568642021789 -0.7880238219314666
49.42912268741661 10.449211414370255 -2.13467719576312
53.88194611695196 11.559402726075191 -2.3284698143397042
19.340987766152846 4.331648101328018 -0.8374519662567523
49.17566717227273 11.168145833428296 -2.1307067407638898
10.733023210127781 2.505420514286389 -0.465689571980346
10.945326857812185 2.624384711177249 -0.4755714703326273
11.028380416149227 2.679286338407855 -0.4795274794181947
0.9571357348420763 -0.05336649977375255 -0.05673880321452589
50.22910816622518 -2.4980487607500947 -2.9766151673612713
3.386471854680365 -0.1582426063217003 -0.2006560863822631
2.919795765236061 -0.1276637095941143 -0.17297964204563346
6.100750742938096 -0.13842645133542072 -0.3611751515690971
5.3530914099887 -0.10546561626031284 -0.3168936889431948
13.395699961728985 -0.18342378332814285 -0.7929151348307617
5.58760221190613 -0.05972490827588737 -0.3307260903423755
4.792870418986212 -0.036875387618376124 -0.2836817100112813
17.558658299140518 0.0229588840781842 -1.039222778650351
21.81334479163395 0.1593598443513625 -1.2910723648596967
25.459889322575734 0.26268344335471827 -1.5069395245933002
19.424267656385272 0.4333476524586603 -1.1499119249810055
50.084052060135356 1.4180393824411346 -2.9654141005089585
49.9344551602276 1.714160314808714 -2.957105672165673
19.462271142602493 0.7263316567460246 -1.152667474266002
7.171909623595126 0.2892426404153245 -0.42481188301316436
5.722034665971756 0.26518596355971946 -0.33902053941966015
50.0899661442821 2.4723250829568713 -2.9681438709832078
1.0495587381344236 0.07392433790196933 -0.06227075936129398
6.22580867727229 0.45724106594678504 -0.3694579429554957
22.15940940914039 1.8281583097963465 -1.3159288705787708
8.922165403986881 0.7630024107290327 -0.5299697964236146
39.6283190846006 3.8688890092596124 -2.356465430069054
1.4185996263246625 0.147086053050011 -0.08440665370512786
39.25376929639574 4.308417716071519 -2.337085100970905
19.58542606402357 2.20905889639127 -1.166460240617217
25.199238212946266 2.918772846906785 -1.5013277341567342
7.728451714031831 0.9422330150173784 -0.46077276318128446
2.7586419366278263 0.3615371052256737 -0.16465721066298786
22.13009993545072 2.9679323459363967 -1.3214248850799333
4.7928387074708905 0.6720882407547825 -0.2864223469073421
1.596964884295334 0.2288376976473378 -0.09547605177769476
16.718430006027443 2.498018535557611 -1.0004051627074708
29.839161282794276 4.550118189057816 -1.7863370384661958
15.224526340138194 2.368378066759478 -0.9118444008332532
4.12938564826877 0.6804763259872173 -0.24767700265232967
5.272050811478303 0.933908466373355 -0.3169029309222793
1.817777213271571 0.32763396002406475 -0.10932557408763523
12.349371748173397 2.26422975907475 -0.7431291028731296
0.9877522354132567 0.18723026790598668 -0.059504270569151835
4.5174650162677725 0.898434573783002 -0.27261904450747343
49.34127424097949 9.967102142167803 -2.979430677838952
19.948903282012875 4.091985826702639 -1.205333915958878
17.052523219583918 3.5514336164855878 -1.030961843739836
49.24958271995754 10.410725993487734 -2.979406350026657
13.464634724960282 2.888605953745457 -0.8150775284474733
20.675153520906107 4.500302101393688 -1.2523743742010511
49.42772220655481 10.91486524962742 -2.9959947369987447
43.5997393475763 9.765084374789708 -2.6444983620045357
17.24754779898903 3.971659467890313 -1.0475542958271793
49.395018801489314 11.686956238779722 -3.004263176448577
50.855362388044426 -2.8352808611301805 -3.878606716230127
18.12056869372151 -0.9559223413551798 -1.381783479210124
37.721711698638664 -1.7626584980129438 -2.875592875246678
9.077073070079548 -0.36970587466840604 -0.6917809311280024
17.946254325416415 -0.6766617287497959 -1.3675546030480685
14.075154164234473 -0.4463644180845981 -1.0723446550904105
3.4320767933966603 -0.07792128660455293 -0.26141455070823283
11.604546835378656 -0.2285505451318947 -0.883837968081876
36.96371922031184 -0.6171990029401928 -2.8151176889641456
1.7048140045743463 -0.013102423065743314 -0.12982132458493767
5.254530092453093 -0.024640502371232473 -0.4001229725319242
51.400079262912826 0.375504801718505 -3.9146236090032347
22.161445802523367 0.228302345490591 -1.68784958478619
29.211513890176303 0.4763298361021639 -2.224986771033926
12.864635655212181 0.28703856888524176 -0.9799818001451486
51.43164397540735 1.3017771008922532 -3.918175950175985
51.47414346265358 1.4577856631764237 -3.9217117380546442
31.95544895232735 1.0008635401663797 -2.4348330782963648
50.94557818763312 1.9019992421426417 -3.882579773893755
5.7169827784902925 0.23060213421402914 -0.43574052616362496
50.97302501214535 2.3623496547405107 -3.8861067239528775
50.779074919457116 2.5060347908367087 -3.871909291457845
50.89442569086117 2.9711011366123383 -3.8825191980763423
18.99742088096941 1.1662527690567361 -1.4495003414883845
17.677858738914612 1.2983401078613754 -1.3499042970888349
11.107328022393812 0.8492011093226802 -0.8483546893076845
1.1870181220285692 0.09793238876399889 -0.09070543096609969
1.6520669457981945 0.14130183013183478 -0.12627354989236655
11.049742706816978 0.9784479255905608 -0.8447933357055601
13.275722982594823 1.2558077214613517 -1.0155310020485093
50.167086271286024 5.04981950608355 -3.83976738427254
50.38403481993097 5.2239154352455115 -3.85759295797105
5.364221276032801 0.5724459347927828 -0.4108306749699382
9.816347914608913 1.1072302594978778 -0.7523075247566405
50.22485179631385 5.817929694181604 -3.8504475742267745
18.25088303168707 2.1695417009487707 -1.399678581504044
12.819672280315237 1.5630156687790682 -0.9835083347223296
18.42285177495428 2.3022015213314364 -1.4138870687728793
16.74153727112427 2.194157270735746 -1.285850936475286
26.654478935152497 3.8193900164978722 -2.050569356883153
16.244616977399307 2.3774044526589493 -1.2502713169818762
10.370721495330788 1.549496284350335 -0.7985357669312411
6.348915717021578 0.9681230330159684 -0.4890805875316855
3.484477676791363 0.5420681370760627 -0.26854611281779756
10.62276029520008 1.7505164703654195 -0.8198680611537833
1.7733782217118716 0.2977067545952636 -0.13693769030619402
9.313221204833981 1.649765920343064 -0.7202711697029824
27.55699646926661 4.966818166084928 -2.132370349605418
27.37350932346449 5.188686054552135 -2.121682093410523
21.16616193197819 4.077785671155745 -1.641502339137575
49.1603882454131 9.624483291659008 -3.8147774009535937
4.1916244082315846 0.8336768502422278 -0.3254549733640921
7.256498459153799 1.4658115637977553 -0.5637613162813849
1.7157993241652199 0.3519734597304764 -0.13338261820616912
10.063350296349952 2.1904308746220664 -0.7842849204566666
48.88274322560532 10.947711860826036 -3.8147080414976586
19.74489039290109 4.484158581282604 -1.5418965205978572
29.95142649459172 6.992115781645386 -2.342166833326529
9.249607115890168 2.1884729106414267 -0.7238168076679492
35.3793291363926 8.594984962599154 -2.7725248044871496
5.100880547368818 -0.2536705438090516 -0.47580183551349264
40.37003700778333 -1.8865757296633845 -3.7651006382897307
40.32887412540223 -1.7632188841565548 -3.7607116060682513
15.308764123758788 -0.6234522472645538 -1.4273882227679284
20.437406391642465 -0.7708334020796335 -1.9053545861834267
49.991985587519366 -1.7352008073379437 -4.660196655235642
26.268784447842993 -0.8331484896161063 -2.448486239906706
5.711108395082256 -0.16389427290982286 -0.532277002065977
6.923823558291052 -0.17789242981289827 -0.645250979905569
15.457370084856253 -0.3507111957509423 -1.4404209825484713
49.92183812941812 -0.8334894077232091 -4.651494188686999
23.623246754204914 -0.11105896958735127 -2.2007872080737796
1.982213816304046 -0.0033432204235631546 -0.18466686040150435
0.16318900623035693 0.001191983232312948 -0.015203204317590797
0.7229311890372944 0.007440922114113138 -0.06735234661996135
1.7953854097832667 0.02930745087096376 -0.16728378182243908
33.642810227688216 0.7507860042044493 -3.134978463984708
50.23066416780214 1.57306612071687 -4.681823859494461
3.845574193431131 0.13199104578548126 -0.3584658095955056
18.992783855806938 0.7087462399944453 -1.7706035874506378
4.7755709985535235 0.22138282467370593 -0.44536865933066894
19.532532480246438 1.140153413104738 -1.8227384213604425
26.465365251929704 1.6247048959193613 -2.4701570968518305
13.707233585934274 0.8826841882006247 -1.27960933668679
5.421366050986894 0.3654894056734777 -0.5062010228626787
56.55156061607282 3.982663325021999 -5.2813578875291265
9.18470409948928 0.7022906453633097 -0.8581377594885234
9.461555578323633 0.7521195531260852 -0.8842163005160988
5.274427719765382 0.45104733296033167 -0.49315726943839056
23.199981175155767 2.12422081864591 -2.1703188235946738
32.29431797826776 3.055525730252685 -3.0219248551702522
50.62083789871897 4.942127277038531 -4.738822601571962
50.65222472980559 5.098822509939443 -4.743216484982127
33.322036935336854 3.5561841039341773 -3.1222860309350464
10.269182269626343 1.1271639283295227 -0.9625343380184949
50.672917432287825 6.1777722318752035 -4.756199931837626
50.561591909853014 6.318084389425944 -4.747529193125472
13.423408440697733 1.8413913728767959 -1.2623804838873949
5.242383283117002 0.7351132714461618 -0.49321552189597895
29.18916523658231 4.272072459769028 -2.7485429048821155
20.169690260952457 3.385968012540314 -1.905506663670719
20.011063622289637 3.483081691845388 -1.8924573027172058
23.157087211510735 4.173650167104955 -2.1922834148692387
19.841326262906225 3.6377104178515807 -1.8793944250108026
8.551055088510143 1.5943995972700284 -0.8104258186225121
13.907761281714102 2.6361718168699766 -1.3188378114061408
7.063293914843101 1.4269551279332953 -0.6713732012862115
50.035605663925125 10.577454777887429 -4.76477834488977
2.8957835337817377 0.6212470181533946 -0.2759349885644604
0.387410886099298 0.08432986549227339 -0.036939397908084454
1.7533813143752375 0.38719222366590583 -0.16729527289321358
57.64226247403897 12.909971637332394 -5.503485296361896
6.890526485945466 1.5649240924981067 -0.658322786483196
22.988839617349104 5.438995951060273 -2.200945644978592
49.24266621293949 11.963268785733735 -4.72124501072718
1.1854670657084736 -0.06610078238940346 -0.13087693718929408
9.229489381731835 -0.4868097812397217 -1.018785983113544
38.71935634605494 -1.8095832578910152 -4.272711731438968
25.188520892982314 -1.1013713345993323 -2.779179824537516
50.366047319766544 -1.8984088974664013 -5.55583580130456
2.117404323185104 -0.0671425688571278 -0.23351766015506695
4.770527702426468 -0.13693716040164458 -0.5260756737226926
4.538204933245342 -0.11663127471129754 -0.5004088025073659
24.648996700821062 -0.4854025408017232 -2.717556922365305
38.757993180519996 -0.5305058940228271 -4.272673761846625
7.984678473745238 -0.08544661188660356 -0.880187933015742
18.41411762976947 -0.14178505984780426 -2.029841213941872
18.41464802621248 0.024305946483106904 -2.0298358878673857
16.691843953946933 0.07212848974468901 -1.8399322020260456
49.9814308406253 0.3652063253808324 -5.509510478589962
50.304234576680415 0.6695637100091084 -5.545442061057799
50.022626075886414 0.815996446233885 -5.514658063904065
8.588870224234205 0.16575983647956083 -0.9469098150686462
18.407290246690035 0.5211275600768138 -2.0298222287279795
42.69421609255155 1.4653628559980545 -4.708896213846028
49.947954117745134 1.865282812548488 -5.509456391590519
8.723035306094484 0.35172533810603335 -0.9623062585078049
17.978821602997634 0.7793150837177751 -1.9836340030044857
40.249142250537524 1.9863690019498033 -4.441944070346745
18.482480597534856 0.967833581341784 -2.04006988374779
2.9980093414258224 0.1749739291078189 -0.33102538098471856
40.26896080218011 2.4717212645651268 -4.4470696770771285
32.269472769424304 2.0786397905796528 -3.5643261136437014
7.595449123093215 0.5120890387886267 -0.8391274485172358
12.424190419248777 0.8750008721010377 -1.3728765640323555
11.902340352975942 0.9818220402795471 -1.3164146812998805
17.88378194182242 1.5297529293872374 -1.97846917397704
13.562263806220303 1.2420180685627724 -1.5011641541984537
9.75747261971608 0.92309365492792 -1.080330662215444
40.0705673533717 4.276608439939162 -4.441872698574695
13.153846825368687 1.5637585834611516 -1.4601046802848436
20.72890632698818 2.5274992550342774 -2.30175350825203
13.62536041686592 1.910654894238254 -1.5165471920209803
39.89072996435275 5.715771736320847 -4.441801122221177
16.58559598616039 2.5798702424447257 -1.8501114036750839
4.529588216022195 0.7185281528223941 -0.5055134883210413
13.398339370219771 2.166697884690223 -1.4960025256990075
40.12947605905304 6.612838688118338 -4.482901371970458
28.84486568012455 4.931394711225901 -3.225522974289029
12.59160136076435 2.1915463174434393 -1.4087507941781126
39.91241946905348 7.3168518502693 -4.472613779159901
6.427327443761976 1.218344989459629 -0.721057124867907
39.61626474644657 7.632287823781375 -4.4468853059656395
40.02634456544414 7.96089565658976 -4.498242692789126
8.32907067203308 1.68266346626752 -0.9365932092253154
27.48048023206341 5.63714590885972 -3.0920774533310538
7.270419145413698 1.5141309777535128 -0.8186762438285008
49.03864821252659 10.366411743134329 -5.525392751639471
10.843514055657586 2.3944123350409336 -1.2241635897870151
10.79076296775339 2.4168668043064097 -1.2190321710290308
49.013861501031805 11.132047430370983 -5.540752324878175
8.682943687352148 2.0269261555489204 -0.9829218901943055
0.7023394525377812 0.16616420437613763 -0.07956104947130169
0.9046759236593146 -0.05043707280684151 -0.11539989097847195
6.426780558211846 -0.3389649728082553 -0.8196619387279985
0.3016871674285153 -0.015004291610638711 -0.03847043335110585
19.79671232838616 -0.9250699272315989 -2.524062831400018
50.206286696267725 -2.1952191795157336 -6.400441622736435
50.398387967591354 -2.0522365707630685 -6.424114031192591
23.28924936500412 -0.8080815718777764 -2.9679016893836887
16.095628557091135 -0.4136303513909067 -2.0506126607822863
50.75236105094682 -1.1520802548520492 -6.465474390229752
24.554507852571977 -0.4097471077228762 -3.1277213935537542
8.57244297627392 -0.11751601356493888 -1.0918871988844576
7.596994818289515 -0.08138110178093948 -0.9676075067687229
2.392998374312198 -0.01842171666923133 -0.30478382649696917
49.04557713721827 -0.22973835584125366 -6.24656808615963
8.433328451746586 0.08696994372693201 -1.074109428247255
1.0454620206770842 0.013913930952807598 -0.1331599258306657
51.217320557461086 1.143102585354168 -6.524706782962069
4.064557550360207 0.1028263746554272 -0.5178226979237757
32.302120989066765 1.0115315251417298 -4.115947592151405
50.5785865461438 2.1921155920069344 -6.447669131207156
37.94622260333467 1.7586533803185076 -4.8380209658565345
3.8753415033170118 0.19125574285179595 -0.49416539083069116
13.573119494264487 0.7106732868553992 -1.7310323289203764
50.270237083640886 2.7832949419001314 -6.4120899893037855
10.087676058020254 0.6192641910549382 -1.2871520889630763
4.333974668591752 0.30518059864922586 -0.5533321011952154
50.30465141521253 3.6950333763016867 -6.423955175900014
15.312742747995099 1.1710187276557142 -1.9558800891678176
50.2353380758346 3.9926243054371615 -6.418024633969174
16.538173868972514 1.5646378545914181 -2.1156388878100936
48.59977883527229 5.039339701452601 -6.222666432967711
49.8158079066158 5.467155949643916 -6.38244283354172
7.454640038737186 0.863504433173414 -0.9557405488658035
1.0843449478460192 0.12890176339942236 -0.13907195789710083
1.4991020156996429 0.1827644903095247 -0.19233316824502034
18.314074479936895 2.400339567279224 -2.352386429793779
18.122683468131605 2.4302779783157376 -2.328698267707274
18.19194540825447 2.606761475922819 -2.3405134715984417
10.684987487255754 1.596756119715644 -1.375905193441255
49.31241082593202 7.822618753497959 -6.358710377263956
49.169276638553136 8.405732125592634 -6.352748422864902
3.2274223264426407 0.5617226652155222 -0.41720322884985467
19.560219627181233 3.4649985283004137 -2.529867264365875
4.0013795899932685 0.7212359566460217 -0.5178047524175462
18.12223691743406 3.322471424368711 -2.346434817471706
18.66030852097448 3.479186593062814 -2.4174419522915622
12.07562075368506 2.2888766919437105 -1.5652632086162086
6.589475470008812 1.2900534417208376 -0.8551190488209087
19.334811277310056 3.9058524707664146 -2.5121073698016385
18.956207360126633 4.1263200756413285 -2.470649994078519
48.655671564883136 11.204246655368415 -6.35853007745403
0.15799107265362328 0.03838351284960051 -0.020705962983693288
39.92397632110163 -2.226559557877735 -5.7806496293530865
39.952913110429236 -1.6266613827239356 -5.780663424421686
0.30115316596526065 -0.011353020981325176 -0.04356752854704692
40.3789673067957 -1.4013362610028923 -5.840982692177991
41.91210691012999 -1.329089080985278 -6.062132576795085
1.4598364508650374 -0.0375281614213854 -0.21111471721815464
8.551922894931923 -0.16834146892016386 -1.2365606329577945
39.841430813129975 -0.6643249418322027 -5.760493778682267
22.96954392711943 -0.31434000757635844 -3.320926435464609
9.665661646041682 -0.10338564762981999 -1.3973994568851722
25.10357792332698 -0.1934904713915692 -3.629239724092468
24.733365216567964 0.03211132423744324 -3.5755704687114735
40.03138486947647 0.2920433237942596 -5.787242701742996
58.01728707383598 0.5978328532219493 -8.387594930712435
0.579399018594056 0.009457821115981006 -0.0837709786977741
40.15862626396415 1.016611207243018 -5.807432914339781
40.105414105415065 1.2560591333400908 -5.80069441763029
40.24053685917096 1.3815389378830885 -5.8207181076578784
6.694499675706722 0.2498771841340567 -0.9684466556356225
17.855241376317345 0.7741690877272995 -2.5836328022868438
9.74559595430397 0.5104175185625724 -1.410787585782671
16.409731896611436 0.9083589801389509 -2.3758904719144947
0.763366365478122 0.04916757240942046 -0.1105836872241409
3.538600417517139 0.23855733151800462 -0.5127082354775843
49.80826827034915 3.8078865809363047 -7.22149888220276
11.253356264124177 0.8944897946283613 -1.63194952127904
2.1022296402886407 0.17344339994523733 -0.30493870942753054
49.87004085367096 4.717575795927902 -7.241530461364141
0.06920581656930185 0.007174796571421167 -0.01005819303527571
10.210883037334488 1.0896094826998939 -1.484484467108128
14.124675200611364 1.5502120928774354 -2.0541627940187563
50.053597911870085 5.644783605241616 -7.281750090248211
49.89016897397963 6.234198926657976 -7.268224276301439
10.277737327664855 1.3155452532720422 -1.4978980606562875
3.193509222352201 0.4283376578799522 -0.4657864935712048
1.1252522722566807 0.15438397511866808 -0.16419096201598737
8.516572823765406 1.1942979910803018 -1.2432112193839333
49.95537942038448 7.464214069209557 -7.301835405871625
12.758050133331658 1.9846151396146225 -1.8664801185677056
49.886302629348 7.912777194239201 -7.301780060193118
0.6175650078938782 0.10176666483464303 -0.09048075460266403
49.92461598379712 8.535603234492736 -7.321748189039711
6.501657160264616 1.1718965771626735 -0.9550249173787353
1.0710205884284156 0.19967837990739581 -0.15749312289750209
26.395965562326285 5.0037068826776645 -3.8837136293409693
21.600940373941775 4.161436961087614 -3.1800087453191246
49.70550676838196 9.730685584730567 -7.321759023585227
7.92490161892083 1.625590922567624 -1.169471882044083
10.461659689396756 2.178741705963026 -1.5447617816182162
19.740854378673976 4.235086659230763 -2.9186691143043375
5.639848163509661 1.2275950164621006 -0.8343744831393861
9.574654851471399 2.1141183832977055 -1.4174271680047266
49.334260679783306 11.048482377604895 -7.308354915501955
49.345942669514294 11.207687583194666 -7.315028693348596
49.10773939978881 11.618930866608228 -7.294978969771475
49.34332469979717 11.830519308599584 -7.335256580327561
1.5091584015854131 0.36664020037244205 -0.22450951515473846
38.112580519629105 -2.1243135419269374 -6.178299957138193
1.9635960645513737 -0.07998576279571247 -0.3180839716621146
14.486147873004322 -0.5461990181625096 -2.346347894923234
25.957525299075666 -0.588881776344236 -4.202447264551491
2.750761186516406 -0.05421157208788912 -0.4453093421506152
4.5081041846309144 -0.061686452257549027 -0.7297309655764327
50.191520473863875 -0.5362069724586584 -8.124172595679529
20.55340332142121 -0.15839494022508843 -3.32676798107452
6.2655917642577466 -0.029346695464995257 -1.0141234910654595
14.357745085385641 0.018550914235346418 -2.323833274283151
2.103900513710383 0.009077533883976804 -0.3405288780526137
50.09923027798842 0.5155692725708753 -8.109234186300755
35.39264539953103 0.5774090893820861 -5.72917222350263
49.95386400235265 0.9648855184264995 -8.08682426733676
1.1325754234135208 0.02524966210517974 -0.18336064147809453
49.300059239530505 1.2470657525508435 -7.981903516555274
20.82314071827124 0.5902228972863869 -3.3716723326256246
49.52274178843478 1.5512652202605919 -8.019252409821336
11.85249532311874 0.4424982669348395 -1.919681720808965
18.306460311536604 1.0135708586122023 -2.967529037213847
6.993526359500123 0.4082843575875137 -1.1338538275837424
25.315462841121697 1.554273446741091 -4.105131110274355
49.896179304856126 3.363411402128743 -8.094110115242945
17.735695262768335 1.2491081779838042 -2.877666295092398
4.219673486366781 0.30993992780304774 -0.684796407413662
7.628754467686973 0.6063311309086041 -1.2386176130820739
2.693829924851167 0.2466525152451615 -0.4378206969749068
25.473189835162263 2.4872632678606417 -4.142486188044213
11.663113076751424 1.1740463284059337 -1.8972437212088682
49.37482576814008 5.119470000315079 -8.034246544118728
7.837036490923331 0.8602113444799919 -1.276037763063483
25.745877081980094 2.982177939513992 -4.194902395366066
9.068709521556048 1.0779878229577988 -1.4781244288602358
0.5278718242468685 0.06435216897951901 -0.08606872552742144
14.705784692576668 1.8375392238166508 -2.3986486146397237
39.36102178505813 5.1592934430537305 -6.4250742948733555
39.437151811594475 5.2888270307415155 -6.4400488839875
42.71946901008955 5.860608554491967 -6.9788098811340715
17.59225641002026 2.5744765478078317 -2.8776215715219915
48.95738005248386 7.3149979993038965 -8.01166447542805
35.52499802850702 5.526129237768569 -5.818942750367212
10.983527238045015 1.7424517829692232 -1.7999262638093234
29.191783378786944 4.720544772894265 -4.786041564077642
18.272989453568627 3.011031115355595 -2.9973582055086707
33.250320218682326 5.684533831361442 -5.459611832831409
41.86672765029668 7.676679725144685 -6.889076150938991
39.25327470453351 7.562895972208072 -6.4699652737853075
2.01939255050757 0.3953235322568297 -0.33303645716124247
48.685898380303115 9.683351465666018 -8.0341467216614
48.792725676788734 9.856165040795588 -8.056513372311926
11.56638182176398 2.4088451206383965 -1.9121928846077092
4.637229020001096 0.9803508504529963 -0.7671122382518445
48.594052237153505 10.5779926701688 -8.049096277387354
7.812710177949376 1.8239775894027936 -1.2984780586219395
48.441010923108216 11.460509922039348 -8.05646628951857
55.01639390355087 13.19119496997047 -9.156563696253986
6.0556891838105384 -0.30116553949520025 -1.086767623229833
7.715646262179091 -0.3374361920288043 -1.3842777117438958
37.938365859913965 -1.5445052665640042 -6.805718872453555
1.4514801093137908 -0.05039397628593741 -0.26031939885555644
10.024348958399258 -0.2877570583646413 -1.7975207163204108
39.84701309814726 -1.0245647329517293 -7.144454872421802
50.043010537775686 -0.83507323625585 -8.970962867282436
9.751505641729917 -0.07524732871188351 -1.7478808308438385
25.15149006611142 -0.11824805611459638 -4.508207139376333
15.884146830441182 -0.026786082344479725 -2.8470358734617225
50.37271295782419 0.06692679937290405 -9.028682645999712
50.601942195572185 0.3684889880606033 -9.070000881568296
5.324111687584367 0.11878528721053924 -0.9545003319380587
50.58703942286609 1.2813228388002413 -9.070110710579069
1.6823049218711879 0.04764566876522724 -0.3016555653322014
24.540404732240148 0.7684755693395726 -4.400698872585304
27.207644359969134 1.0163475341953538 -4.879998598480821
27.293235954844334 1.1824439709343608 -4.896602394394848
4.628885478380782 0.2145370494890974 -0.8305614802240937
27.285622858479243 1.3471451770705045 -4.896488817176121
11.348205118008956 0.6281326493232329 -2.0371477276941716
27.272460829975362 1.5914519526091109 -4.8965067752425515
27.262379679718197 1.7555082288575856 -4.896576630392071
27.256970199794686 1.8378387333177704 -4.896482610795384
27.24545236385291 2.0011967291053008 -4.896545188236313
27.324846758808842 2.172540680400453 -4.913079585109419
27.04256535394983 2.2317084006143957 -4.863446545607292
27.21949285764697 2.3278543614794542 -4.8965212431119545
26.883610952456454 2.4617731235232068 -4.838705088684596
27.105597397343477 2.564193409470488 -4.880037104567407
27.183311258793463 3.148395035838026 -4.9047282203872555
26.055619663879504 3.25661700093908 -4.70646235302592
4.504861914899549 0.5767132995994732 -0.814012836356198
27.08722336350138 3.5500197909337876 -4.896458677428354
26.93931000970351 3.6133440741534706 -4.871729517621874
1.2104929607924522 0.1660506011206971 -0.21899698568559772
2.4885084674848743 0.34895233418767957 -0.4503956990481279
27.07664270861416 3.9622820386747035 -4.904783571784543
26.733263639102137 4.07645651480158 -4.84683770361577
27.118194541359884 4.301758302142464 -4.921205885441835
17.728708344701925 2.8669143499158256 -3.2188546998494707
27.455770828924024 4.524535852588755 -4.987369422676008
27.007228402321115 4.950775666550114 -4.921310939613027
26.719369918242393 5.231180988939934 -4.879884925187978
26.777939359466455 5.4094732049803245 -4.896445746185413
26.761618766790036 5.489688104139267 -4.896396954931583
26.63808006253704 5.630496958352044 -4.8799031582455585
26.24325311756045 5.712662958992011 -4.813733412291776
26.721389250627254 5.900253902144053 -4.9046428633179895
26.64032911854192 6.050908196312004 -4.89642646177513
26.756999878289637 6.161525128628463 -4.921222677596335
26.68115279156113 6.482103746589133 -4.921207552199436
27.190003481628253 -1.5159440752473694 -5.357353998922058
27.206249325533285 -1.1890896642673072 -5.357394987048508
27.353717307747008 -0.9494780231132012 -5.384469144817051
27.21856531383448 -0.8622267182748915 -5.357414020105186
27.312882153998473 -0.7846811807562184 -5.375525862309548
27.271223801537015 -0.6188790724969248 -5.366423601441332
15.371982464496684 -0.2569613942009864 -3.024470101207272
27.22968149127953 -0.3726850250383874 -5.357347234927112
27.27794860629361 -0.12851801463534485 -5.366392099196524
27.140040686056672 0.11721258246802539 -5.339261467628233
27.369472003443864 0.20033182435658306 -5.384397501378624
27.274639921763484 0.44445408073568726 -5.366343160688023
27.409307971042814 0.6112314119771141 -5.3934444717213275
19.13531434403873 0.5416769210283808 -3.765969872164508
27.17297491285066 0.8516094659985185 -5.348290424332855
9.162962870108245 0.34200714554609296 -1.8038948315833438
27.25610917082646 1.0992710883659125 -5.366309453644337
27.34448880400415 1.185887303921037 -5.384465655020047
27.236551919353058 1.5077868731896584 -5.366374893670984
27.231899829446494 1.5896367168264893 -5.366362641259824
27.313649149423796 1.758481669280014 -5.384438633784115
27.152963987815365 2.0764705128075076 -5.3572786492624065
27.133228263418033 2.32009759532395 -5.357302380249304
12.246839403832142 1.0843555722142915 -2.4186818248277704
27.210377585459785 2.4911556612314665 -5.375409708870748
27.111215851680033 2.564491910702585 -5.357328991536209
27.103372024191227 2.64618720946245 -5.35728810227392
27.087088780762304 2.808064096728517 -5.357239499197813
13.093669923536902 1.3973277395979482 -2.590447699069645
27.435197383858863 3.0116332737289175 -5.429608690621512
22.904449868905196 2.5836509038215794 -4.534478631550769
27.03205061376497 3.296051372969719 -5.357229004027493
27.29565395609321 3.411956744511631 -5.411457509099986
27.330966805937948 3.4987593705941715 -5.420449864116214
3.0736540014802007 0.42161818645756916 -0.6103284312835022
26.96836270713435 3.7818178043703132 -5.357320657846895
29.90134192203349 4.3754960843312265 -5.945013564126202
26.92101695334333 4.105508542527337 -5.357169350042645
22.821307598223772 3.549880433246246 -4.543406538810874
16.092192723866535 2.5528004982606665 -3.205279308268938
16.22059361660224 2.622794695349694 -3.232414755424824
16.439367021890106 2.708979678639168 -3.2775944197401996
16.105667719377756 2.753391485554104 -3.2143520171679114
16.097297405244998 2.801940554868146 -3.2143275539493232
16.10776104608656 3.003289864419385 -3.223390207910347
16.00838495917872 3.0343556488727534 -3.205240909026107
15.854624655326935 3.10378424716095 -3.178082979686775
16.070660936462836 3.195843964462143 -3.22341414963364
16.015834183039715 3.2353322986337267 -3.2142552152550086
15.99615087934492 3.331194984040032 -3.2143511434719163
15.526457620034128 3.3309786897795943 -3.123905816685003
16.100214052617847 3.5048682257298793 -3.24148327007187
16.044772350336746 3.5429268143286854 -3.2323620239973656
16.257431328532235 -0.9064520435946518 -3.4899896189991315
1.6697635336177414 -0.08305908913553904 -0.35833918221758587
16.36074288945245 -0.6663968420509956 -3.5095899752158566
16.31695966425042 -0.6151412971938026 -3.4997698295333155
16.364472897930693 -0.5678286988429415 -3.5095315615708906
16.320357174753877 -0.517354274759896 -3.4997495057285595
16.69169985745415 -0.32849844782571824 -3.5782866638156903
16.51014073943739 -0.22601427156602472 -3.5390404353466134
16.327626042396883 -0.17510989797382093 -3.4997035164817336
16.374285066003747 -0.027016144507025688 -3.5095972910268043
16.328532837761205 0.020953844577663458 -3.4997909455496607
16.28252090698637 0.07014896870881078 -3.4900355708417656
16.327691304888365 0.16862502019853617 -3.499717505004641
16.281240279019844 0.21691073646806516 -3.489974349365159
5.197841364347585 0.08481733502098286 -1.114220234404837
16.371255538681122 0.3161884148899996 -3.5095913456543726
16.32448672870446 0.364196549981727 -3.4997791755099743
16.400206230152076 0.8092487579686223 -3.5194544557654486
16.39770415276064 0.8588915254559127 -3.519348160673576
16.3035825176632 0.9029829974593382 -3.499682722197287
19.82162943176097 1.1568784760472655 -4.255638442302846
16.52331309279581 1.0643883028363912 -3.548804156082379
16.24585281811586 1.0949633161646828 -3.489853549702433
16.2389819795947 1.1924771706723842 -3.489873738951557
16.235275949156318 1.2417493647451652 -3.489932609650411
16.231526876443823 1.2899852634510895 -3.489875288511151
16.086606632162425 1.3757795190917441 -3.460413526865764
16.310493677450204 1.444340692190618 -3.509542762631529
16.214835916659588 1.4850208698563834 -3.489923417769674
16.1190882441582 1.5251396101380894 -3.470273877755025
16.20082918417528 1.6307789978727778 -3.4899068548131287
15.83142300488175 1.6417411784512568 -3.4113786631622003
16.14522399099707 1.7234139850890653 -3.480065948589474
16.23107334731155 1.7815566153331888 -3.499753474254333
16.163018827724333 1.9705659631449466 -3.4899066476803275
17.884200716357586 2.234630246235141 -3.8629697332034514
1.0218557888005468 0.13391940927427373 -0.22088987915801284
16.11804309066568 2.3098266634760507 -3.4898630291373114
16.29236228106702 2.3846162486415787 -3.52913143127019
16.081626085696293 2.5510913372347543 -3.4898412111352926
16.1191514622945 2.6067027666508373 -3.4997167288144815
16.24679703696038 2.6774463934694714 -3.529178213113181
16.04981412156765 2.744119232985167 -3.4898470666045784
16.29505954945494 2.9366620311255702 -3.548782799025995
6.419836639829972 1.177159496937728 -1.3989113791323338
15.988671555718833 3.0804273397744466 -3.489857523985421
15.979382212811531 3.12821778811205 -3.489893095357186
16.040257788693783 3.29079673561512 -3.509416099169974
15.930571025766945 3.36799593543321 -3.48988057416011
15.889111125114534 3.5584962546712178 -3.4898435938093995
23.11403417189111 5.249667378263581 -5.080206464135602
15.856337529073315 3.701785447050311 -3.489856862123091
15.711556120276796 3.7173805193684903 -3.4603800880268016
15.878457501889523 3.807477304713478 -3.499666311918909
16.241865117092726 -0.90570421762258 -3.7751129451113403
16.244550571772084 -0.8561942609054037 -3.775111716059801
16.203708169791668 -0.7577292908012984 -3.764497857628365
16.211650527210686 -0.5629268918584729 -3.764472970817045
16.5340193218882 -0.47496454763699564 -3.8385671678265036
16.261739042986772 -0.4176024057633477 -3.7751042222037254
16.218268571190038 -0.319299510285827 -3.764514394378205
16.219889332385332 -0.22216821120302999 -3.764516912049066
16.266164959809597 -0.17382291014435733 -3.775132243534185
16.129974439688645 -0.07523906298814641 -3.7432767862384506
16.26622395698282 0.1679038534565729 -3.7751459358907717
16.217373985222434 0.36275916792995044 -3.7644313062550987
16.21619804608141 0.41106650682702334 -3.7645320435919336
16.16789815018767 0.5062334640743624 -3.7539405396209107
16.53108474023033 0.5674523295470786 -3.8386481116423603
16.21009964210276 0.605859651601781 -3.7644866749214034
16.297397458385518 0.7064004395041641 -3.7856371910786186
11.645973865506623 0.539951099871151 -2.7055406897115173
11.547562595242717 0.673866114266593 -2.684367286530391
11.63208775981419 0.7840860217407909 -2.7055403062034658
11.629674635765879 0.8191758614567264 -2.705517263709545
11.627192927933606 0.8535170315294118 -2.7055679964657933
11.487969980695508 0.8785590844559851 -2.6737926149495355
2.114626555297723 0.1744991574211674 -0.492402087413315
11.158533678250361 0.9883367978444356 -2.599618536512446
11.519021574526008 1.054628378825113 -2.6844042371038452
22.554612163551216 2.1329974818059214 -5.257546498548274
11.512495866721983 1.1238516373250962 -2.684310260754326
11.554403211084205 1.1632387845584053 -2.6948877389950985
11.460100822239935 1.1880511611707827 -2.6737821288460135
11.770211183552325 1.2922632685882323 -2.7478711212932496
11.40362837010123 1.2862205512318718 -2.663175078775555
11.626310165404895 1.347007228767931 -2.716083848751676
11.622252180873934 1.3814903481813092 -2.716130827492111
11.572755471659649 1.4112081673932828 -2.7055548768143844
11.65904242327513 1.4572345405853842 -2.7267272078438047
11.473601480575784 1.4686393570721075 -2.684342128676596
11.505063582633094 1.578162187707245 -2.694938594636408
11.495372806462198 1.6473000231965418 -2.6949182982098168
11.445310209118432 1.6748954458479304 -2.684348081476623
11.575586441012552 1.729542918420004 -2.7160831817139854
11.480083303524452 1.7506521973751217 -2.6949363977587257
11.474837232037189 1.7848039430882112 -2.694877240801503
11.469410076448359 1.8193705158781919 -2.6948657451194133
11.463855290979582 1.8539782726539782 -2.6949145426165932
4.252526114999097 0.7137944679811976 -1.000653116084753
11.38969404565626 2.265415062980132 -2.694910406444908
11.40651886645157 2.410811111515707 -2.7054615177224006
11.116874711250212 2.4547662229124194 -2.641943088943026
11.235396109477106 2.551766637931653 -2.6737330791770764
11.272251353803307 2.5955489487693617 -2.6843249116345347
11.353225920169137 2.650384499894773 -2.70553656384776
11.32892537189945 2.7524949916339194 -2.7054437951957313
11.547689248340387 -0.6436673663029397 -2.890734042647387
11.549552566535725 -0.6090640701231028 -2.89078785650437
11.914509229780725 -0.5924952149798139 -2.9816025344931436
11.59844416822551 -0.5423584072101343 -2.9020932315630583
11.605278213131237 -0.36778455480795524 -2.902146965104646
11.56082160983178 -0.33214594059756947 -2.890823540064512
11.51723699098097 -0.2614661949197803 -2.879411863991286
11.518588434437554 -0.19251008394811667 -2.8794418739783065
11.565282841018684 -0.08859601691794199 -2.8907025985087285
11.474598364913783 0.049470049246687145 -2.8680363261551376
11.56531185946408 0.08447548390184603 -2.8907098515691727
11.70097903715019 0.1559352251956951 -2.9248278201827427
11.742713080475104 0.3323369875564988 -2.9362014706659343
11.5575650238175 0.43144616464993235 -2.8907305110022428
11.509389983049624 0.4991233316472251 -2.879399812093193
11.543882449119092 0.7087698226774114 -2.8907094802802327
11.58484222644104 0.7806519759059379 -2.9021057821834746
11.53702743936132 0.8126234278822895 -2.890747133161396
11.534538250579946 0.8472369920042944 -2.8907429469407417
11.529297438761613 0.9160308876788676 -2.8906687706105565
11.61412995942946 0.9930405068300621 -2.9135002741166383
11.520546454643528 1.0202758788789366 -2.890644301428011
1.8323046603107418 0.17331548268560934 -0.4600106360346379
11.46230312212406 1.153782642565736 -2.879325947206916
11.496579971175453 1.2617845754951433 -2.8907311551595334
11.537995228841469 1.301075474890877 -2.9020809082224015
11.669413553493309 1.3515256945562997 -2.9361885250270974
11.168886553515444 1.3276352176741628 -2.8111563694489177
11.656724341782361 1.4569859042637086 -2.9361551618529007
11.55765400984655 1.5150498339113927 -2.913397638401435
11.462986303321939 1.5374362606116234 -2.8906768609462725
11.458323838109992 1.5716768725653287 -2.89074810200466
11.44868717269523 1.640471642173264 -2.890708005487421
11.483654520641462 1.7156392858671452 -2.90214844233374
11.467682725625815 1.8194397051696383 -2.902084932188495
11.417336719494763 1.846091908302473 -2.8906997180227303
26.195976526580125 4.396911377980176 -6.638900842989864
28.959926187724694 4.9501731707420635 -7.343088346956142
11.439159965157643 1.9910558698214882 -2.901985648617853
11.388312360718068 2.017482987230006 -2.8906542392603067
11.382194310417741 2.051695947852069 -2.890670229801623
11.107835638001662 2.036724888599421 -2.8225257000246913
11.369700716988675 2.11973978790873 -2.890741565353757
11.497311276957745 2.179302511047943 -2.9247765668646113
11.356824029956558 2.1877133082380076 -2.8907155504406834
11.30562902532172 2.2131844214542045 -2.879356215968336
11.247478705400487 2.272308772658786 -2.867982374991255
11.411817717593214 2.3759738395207353 -2.913381661289627
11.308288776329523 2.4262363559023514 -2.8906331583992833
0.19982933749280637 0.0434997682709955 -0.0511140493167561
8.986045566079062 1.9842940769113904 -2.3000368389843677
8.80272311980127 1.971516854712322 -2.2546773289545006
8.7967955879276 1.9978400209922527 -2.254640885981443
8.879285492424252 2.044521059933017 -2.2772809202016724
8.87307956410632 2.071207654726997 -2.277354498104998
8.911042239381544 2.1085953938828723 -2.288688950655788
8.727892815198532 2.0929163360252945 -2.2432097933105353
8.967506395164797 -0.4998720949481813 -2.4067280343592103
8.834714797252412 -0.4389311757680468 -2.370363508862756
8.972848310556657 -0.3921525491900068 -2.4067805184321087
9.019125541772269 -0.3675786751616839 -2.4189159533389075
8.929785243224764 -0.33657370985549584 -2.394588818089517
8.930753147346234 -0.3099462545499665 -2.3945737617488003
13.363548882976064 -0.4239153668209099 -3.582850961745728
9.022913059330048 -0.2592949641017871 -2.418822038795486
8.934384858240007 -0.17579980139812332 -2.394632246229073
8.980908663112075 -0.09640659106599345 -2.406733937110104
8.981321914250504 -0.04219965602600726 -2.4067527400285456
8.936105728756532 0.011606218763181771 -2.3946360183064805
8.936035086212371 0.038573304482433186 -2.3946170880044235
8.890686914148096 0.06486825581028931 -2.3824649974310064
8.980945716759141 0.09263304975840907 -2.4067438668703565
8.980225435534273 0.14683998037860285 -2.4067347251298146
8.979740099945285 0.1732613284862767 -2.4067885531317064
8.933263544260374 0.22597709080245476 -2.3946061812375428
8.930862939173913 0.3065365179596297 -2.394603199874058
9.201223765969969 0.34363897627494555 -2.467377091677343
8.92887199336128 0.35979015487260685 -2.3946185355136027
8.881398683984816 0.41161925758056783 -2.3824332441647917
8.923904408846653 0.467307697498798 -2.3945679313031913
8.919326799613685 0.5475372263224827 -2.3946219717283523
9.053081481076427 0.5828848205164046 -2.4309970368148495
9.00617963820468 0.6072162924644253 -2.4188655829857884
9.04945133030463 0.6369338877651846 -2.430952787090714
0.6541452793203207 0.05002007345988319 -0.1757970016638719
8.953214541353665 0.7115364585495437 -2.4066674333293414
8.951004187370755 0.7386551174936429 -2.406718833821611
9.129003033012902 0.7808459826956897 -2.4552373682699655
9.306955767942128 0.8240886937983102 -2.5036735326960153
8.941486206477865 0.8460480770921117 -2.4067426037311903
8.893839296962785 0.8683909871991194 -2.3945608393089235
8.891192439657859 0.8950246315039301 -2.3945834439359563
8.927836874967474 0.9798217774625284 -2.406670087149707
8.834914021938353 0.9964495171971717 -2.3824449090450344
8.870408232675736 1.0817487758542805 -2.3945937717317123
8.912101655326655 1.1136696170769325 -2.406775219899773
9.081094196551525 1.2176022935138033 -2.4551538054036675
8.987712148322437 1.232622305350975 -2.4309377205614555
8.894423898027544 1.2471063016134991 -2.4067264665251
8.976223085521726 1.3137034983288776 -2.43092325000714
8.923465978149482 1.3609320021544036 -2.4187833785439965
8.874655536938304 1.3808755426077255 -2.4066688028306076
8.861961484644567 1.4601257434341404 -2.406668724198895
8.812885363276918 1.4790546238701194 -2.3945460850332183
8.834195023052324 1.619659600148738 -2.4066748771538657
8.779825826961337 1.6640741381142456 -2.3945600161787546
8.90805538686016 1.7160464590263573 -2.430950304941414
8.769627664189663 1.7169914425625326 -2.394571564528063
8.808878882329044 1.7521009679098933 -2.406694397863303
8.847908844286822 1.7874424008722491 -2.4187709186186077
6.485247701233537 1.3708324309717066 -1.7762078875630833
8.825795420947454 1.893630833763466 -2.4187582481519847
8.68750366739247 1.8910093987506393 -2.382440900186014
8.758328227285464 1.9894843272368041 -2.406661934051763
8.75234053938377 2.0156011394645312 -2.4067135307819036
8.916171090320022 2.109698513599041 -2.455131896631924
8.689783075910666 2.0838685552060072 -2.3944861449255006
8.727515516003967 2.1205540077998557 -2.40667956070474
